"010503088802304057","synthesized11","010503088802304003","010403088800404065","010503088802304075","010503088802304130","synthesized27","010203088801001032","010103088801804051","synthesized21","synthesized3","010103088801804145","010503088802304112","010303088800605040","synthesized7","010503088802304021","synthesized8","synthesized20","010403088800404106","010203088801001145","010503088801501062","010403088800404040","010503088802304166","synthesized13","synthesized19","010503088801501372","synthesized17","synthesized18","010503088802304053","synthesized29","010303088800605014","010403088800404002","synthesized12","010203088801001095","010503088801501236","010303088800605119","010103088801804085","010503088802304039","010103088801804130","010103088801804100","synthesized5","010203088801001111","010303088800605066","010203088801001152","010503088802304094","synthesized32","010303088800605002","synthesized4","010303088800605131","010303088800605036","010103088801804019","010403088800404093","010403088800404027","synthesized15","010203088801001062","010303088800605052","010303088800605107","synthesized16","synthesized24","010503088801501114","010503088801501572","010303088800605078","synthesized31","010503088801501183","010303088800605027","010503088801501503","010403088800404014","synthesized10","010103088801804004","010403088800404074","synthesized22","010503088802304148","010203088801001017","010203088801001047","010203088801001097","010103088801804069","010403088800404118","010503088801501306","010103088801804049","synthesized14","synthesized6","010203088801001128","010203088801001080","synthesized25","synthesized23","010203088801001002","010403088800404053","synthesized30","synthesized1","010403088800404079","010503088802304015","010303088800605100","synthesized28","010503088801501011","010403088800404143","synthesized9","010103088801804034","010103088801804115","synthesized26","synthesized2"
0,554274.292636511,291147.750301294,527874.566225686,311480.411163496,190666.201624592,425759.311580468,575602.365783724,345859.889953159,489159.209788635,564631.6429842,660873.306052851,440888.513018254,247898.271769052,96829.0381618873,499152.989915164,368087.526756004,515030.292732264,378032.757973507,198668.764358462,186769.023443099,309366.701986866,433549.474984344,415791.894765191,553948.390345735,582643.69141665,578953.7381943,579279.371987737,379960.367743764,525649.825659758,137187.575902467,280330.683297134,368728.923065839,567203.695496663,517672.35343334,374424.246441985,570567.481126276,526488.749021505,554251.131069579,485643.069840234,379367.47785793,559773.143626367,491508.251033841,514293.468192368,100773.16127334,215350.276031504,496292.806823895,226425.634841129,581064.579276568,531245.409292742,525884.653653195,521540.973969367,152042.910925632,472342.851678069,486710.415177867,565046.089900773,450470.535280374,520232.773398245,500140.546220707,540050.747475064,503424.859196988,497414.12378897,569930.079668621,647758.080694549,528156.155659055,544555.605093159,478820.270756248,556486.309518005,440281.161736386,580436.725342623,580794.881581472,549107.663901621,512921.488355777,520273.93457465,583069.785008926,446631.199176587,544733.554084369,488556.211906281,542237.779469549,464759.626041045,99206.2879386757,474342.600509524,466521.570856578,462021.185985189,484373.782132622,520976.569406521,438693.942609704,478369.409043102,538777.666009096,540123.43024299,545691.59172255,534967.283398902,453939.489119075,386523.270042137,486618.974838235,150134.247356624,484928.073225517,1639748.93175863,190992.751934196,502746.246565053
554274.292636511,0,275212.690667515,37638.0901174525,263262.792459429,403062.978982555,161624.621815614,31121.9328224747,271469.855996211,106749.222480387,15283.80522202,1193793.35832194,212682.414000219,309788.631608893,480266.644103102,60240.753924506,914812.278363777,51061.1414345122,180900.942385997,414560.186381836,367881.908984856,253914.409261496,121570.041035549,138482.755103661,493.257646080207,41128.887332946,35896.1801449217,36358.6594510056,177806.105106315,34634.556333641,691192.052161795,289662.175239133,381203.423051551,19034.7784697645,47276.5316726565,236477.721759132,33947.7494477984,34461.781564806,1103439.46767252,89949.8947749233,405936.380878269,19493.4467262652,90454.4255134378,60301.7204826248,636810.509637247,338926.178142623,71187.0934076559,547101.691782382,38889.5482342546,35319.5395625241,43847.4888263297,34770.9156384541,693189.643962006,82301.7945876667,67779.0449424283,15950.2481132985,187766.0889429,34156.3049876666,57275.2922301086,17612.416849564,70236.7947407373,80317.9075386559,32622.0199376953,1195986.64418359,40220.1254465328,17187.4604595406,126369.41397696,15369.2876508136,125869.125571123,38000.3359871914,38507.6909750096,1099344.04084548,65078.6639529707,43226.3383260448,41723.0151125986,110223.613760111,17246.1835172408,95607.103939959,16760.8857654702,120016.662687672,509882.978216329,90501.678341208,111149.506315413,161043.697985674,72142.0762162451,33348.6767934079,218876.377763407,127249.845567813,23536.077854924,14402.5650974332,17606.891578778,21351.2031284681,179545.057752146,274842.303732443,95512.9334540577,409043.727817704,101553.199022757,2193498.08367663,374289.922750404,70931.6211165559
291147.750301294,275212.690667515,0,256221.630136594,24340.3720563757,128333.313424403,134613.380060752,301034.635071475,83436.2647905605,198544.437206058,287758.488480796,918592.115017235,160950.777121669,47980.6455953249,207754.048328025,216211.657445816,641921.344184504,230340.911267096,94488.2636836669,142123.14660594,119800.99614336,21669.1478573701,164149.660905342,142968.074286056,274817.934067368,309539.147469606,305084.166337325,305477.50607523,98009.0980263899,252118.768145341,424914.050310689,15387.0827212044,195053.36228522,290874.158180956,233427.504857554,94837.2601653965,297890.157705484,253160.832987052,830735.350488788,197352.597324498,221321.085033623,284766.533146315,202428.064092699,227656.560752097,364819.072469729,91404.7687885535,210346.579389538,282816.946007647,307633.327649042,247393.976676783,240966.171071525,240729.638839147,420888.811323848,193837.126624897,208340.893961964,288260.651497674,164516.223154173,242683.358064373,218316.788780937,263691.002925463,216364.352587587,209284.227378717,296992.594840375,922721.038327843,243686.170935596,268966.636144473,187678.619117669,280764.413986627,152806.698608718,306875.241409794,307307.710644406,827119.447066266,225583.039825665,236571.256213632,310053.651156324,179395.258430488,269184.769745354,199047.714357863,266125.706234548,174346.387168057,235298.800122778,188393.628459327,177096.949273213,172305.821281578,212428.253924966,242376.87591067,160652.872614175,187224.790448761,256466.808693222,260816.242534976,270359.351292649,254418.404362904,166549.790452457,132185.123161128,197302.134885575,141064.916629933,194998.491967354,1923105.00845346,101774.44995813,215646.929003085
527874.566225686,37638.0901174525,256221.630136594,0,247072.275146644,384542.022500762,156812.410993946,48023.2109000407,263454.460231582,114388.586871691,40132.928373285,1173057.16095086,217240.117858528,286896.778268416,457511.841662646,56927.3464263083,891098.63017365,59120.2433671389,162130.96367043,397673.055624445,341108.388630537,234588.93565647,94831.6139244065,114419.905100568,37657.8122781389,54791.2845913879,51121.9365017388,51436.2456843244,158301.931614371,7442.03061093638,665039.339279881,271194.867822682,380126.308002322,41610.3474303922,56040.4956104144,230146.991842189,42756.7574021319,6437.52474987689,1079397.89088553,92050.7085844061,405867.895663006,33074.503667267,95898.57702573,71166.0573440783,613104.287660536,312914.625996424,72845.5464118697,533998.286274317,53194.6248580687,52471.3824810357,58742.77897691,37992.4153265921,669497.60920666,64260.1064400872,51057.6357726992,40352.5174051576,192749.68339901,24560.5379143024,51781.4457401921,20423.2092443662,76791.1935661489,86252.3760260908,42061.8179250012,1172287.65188527,55999.6132929747,21006.29834632,133070.038308992,31046.1833197112,115928.794267278,52569.6550761467,52925.304441804,1074993.98267264,76280.1041576325,52558.2636946094,55234.4167191118,81252.6358922854,21038.6520618775,100849.560657829,20904.4930449727,120351.308485707,488502.584843871,85128.0594411061,109834.341469717,166619.526728989,44171.691358337,28503.7343750648,223341.92877257,133918.817824224,45063.3380890707,31570.0300146532,21277.2448428495,35953.373927629,184703.936090612,273519.703435476,99782.7714390135,385207.39324222,106449.565504897,2167623.37518372,352422.040033707,77269.435549116
311480.411163496,263262.792459429,24340.3720563757,247072.275146644,0,140582.030043601,115373.532220394,290335.154570202,61208.8018658018,180603.870856693,276446.255578068,931795.127735798,136887.357454422,72016.2713448735,225309.131821197,203419.799330064,658000.362371646,216500.943097396,85464.9493359784,151303.279094644,143720.805182408,26004.4136398212,158212.824811251,136678.314174394,262846.882329973,299200.194204171,294559.282287881,294969.350278382,89816.2976902831,242427.956718744,443939.286982227,31223.6172171571,179929.234640776,279712.429391629,219773.085083173,70522.7349774891,287819.46904922,243521.103752585,846766.014390848,181720.96528303,206817.178743465,274117.084809534,186113.01294637,212787.273844409,381908.914718713,115635.122906699,196077.785152578,287601.348678821,297216.059504063,233766.928784004,226889.391961808,228526.852331947,437658.210819316,183439.511593159,197681.906281482,276971.256128508,141366.937032044,231732.461197443,206008.695593474,252859.934988249,201357.754568801,193638.531749251,286852.757810341,938360.341356534,229802.706522395,258329.51336441,168383.702266858,269928.386499502,138483.882810875,296426.1757463,296876.80235766,843409.731522546,210307.539912711,223139.951886741,299736.785486822,173612.744075877,258558.32294838,182384.617414974,255349.118689004,156882.875347311,250809.775182747,174440.932578847,160737.187086872,150664.398525283,204065.383848446,231032.983348044,136457.9062106,167870.269557139,243432.716580863,248947.43792781,259791.18955939,242142.6883726,143816.189151158,109234.162695865,180831.647681535,161445.911066369,177947.528644372,1939821.3875198,120745.059441291,200624.503262376
190666.201624592,403062.978982555,128333.313424403,384542.022500762,140582.030043601,0,254038.624109937,429277.513247024,159392.806296748,319895.233306632,415848.382880115,791245.127638846,255334.26537269,106805.615365554,94831.5898078261,343579.499750971,518965.008373377,356996.832306023,222737.538784377,23238.5564342228,110389.329315683,149953.239285346,291891.660346382,270945.936591876,402658.907525553,437838.274368534,433357.582459408,433753.487360352,226334.897104733,380449.954219718,313055.768163447,113515.928737756,186753.005828113,419007.232237092,360230.454865234,191565.267406984,426209.424480784,381492.855162335,707519.574534086,322225.557024038,203101.356628477,413012.294584626,326418.00905835,353360.575722617,245611.556297947,111799.744357019,336629.388941284,164091.367261954,435922.26598434,374228.658479284,367430.205070122,368435.904787877,300278.350672487,322066.866134426,336534.10593827,416357.832039824,268164.497478358,370840.298776688,345947.044022218,391890.058607511,341931.13628747,334130.544609798,425307.774731524,798670.073681264,370315.046639938,397207.055556446,306205.111941667,408971.472916201,278994.630357187,435159.833611111,435594.807438148,704480.156713081,350846.664145185,363543.717465712,438354.970469402,306987.037431657,397427.205992011,322544.92508027,394336.602773274,296696.782980401,112698.104443415,314926.724613158,301085.74646179,283716.883389206,340690.734179608,370423.669732884,252425.73701727,305605.345676264,383724.529302486,388688.761439914,398611.936593007,382102.653716768,272811.439575643,196694.401061936,321081.178380207,67749.2679193463,317915.957321863,1801121.05033955,50188.8036261941,341196.251411077
425759.311580468,161624.621815614,134613.380060752,156812.410993946,115373.532220394,254038.624109937,0,191734.27565244,110134.405931595,65908.9088084619,176364.221357966,1043563.78788002,72540.717634599,179672.029409982,340676.588769867,102672.85143315,772730.193111044,110991.500893399,65803.6796027875,261783.898149098,249419.778630444,117298.905948281,99457.1701814624,85670.9876376621,161157.199493141,201478.289339423,196383.108239376,196833.610691846,68185.9330576561,150391.763987953,559115.013047786,145996.960595626,223442.975612907,179988.36044353,114686.272541323,74855.8049028133,191525.869968955,151589.441740318,961406.766947474,72518.184545358,249434.763844764,176440.938374886,74657.3424902707,104212.900566943,497172.934871909,219373.412526428,90479.1639102702,387819.191756361,199299.830840394,128047.913489893,120080.516986531,127954.414266701,552807.68715389,95794.0520715316,106494.431838631,176954.468442234,55022.5116844165,135631.173056875,106897.490964637,155713.517051056,92953.4927230178,83717.0995720693,190359.699762719,1052695.33084664,123463.468365457,161556.050086842,53114.9650682305,171793.396096206,43201.7477358762,198433.151967607,198927.636176577,958211.78187815,100667.242726348,118613.572600771,202062.82233253,110618.189116753,161810.334770451,70149.4303736644,158233.977467817,43723.5773368158,365602.393876536,72336.4718233837,50752.6009723214,44848.0377483662,122150.047886347,133480.374530827,77528.2554594294,52633.0166864804,139148.431757408,148301.768054517,163175.553447215,140463.120777277,50673.8121037164,117055.89882274,69162.5156282718,275659.881565148,64934.7867287015,2054767.51017122,235757.739812602,92206.0378328039
575602.365783724,31121.9328224747,301034.635071475,48023.2109000407,290335.154570202,429277.513247024,191734.27565244,0,301196.393790648,137869.474428312,15857.7270489751,1219063.3722192,243802.963603678,333489.407596763,504180.761206655,89357.3492005374,938195.760705215,81897.6591646593,206555.462793582,441539.113097225,388852.319159689,279526.654377732,142157.895477345,160983.997603588,31608.3168425402,10062.5456555885,4790.48930454398,5251.70555904839,203085.488692277,50012.5354242168,712740.144787693,315763.214549126,412143.796033383,12104.7688051709,78099.6894011552,266508.768512029,9038.24526887784,49131.9973549216,1126613.17941876,120665.04391353,436958.798101799,16332.4207590514,121476.577015975,91407.5379977698,660153.142119505,360486.69910965,101604.222653194,575631.840114205,7778.41724835883,66440.7781584704,74969.2825645941,63827.8340881007,716554.666287128,107214.878273585,92783.2090251831,15345.5329100109,218886.163058295,58612.9399975978,85683.3748298833,37500.396217058,101204.680434161,111316.965904277,8456.93205858434,1219404.24843529,71341.6741536245,32087.8227242957,157490.890625873,20433.0953823035,154496.08921682,6890.29821197928,7397.09241689349,1122298.02008108,96197.4186230967,74004.2336877568,10609.5913464951,129027.820437338,31868.3032954318,126637.093835224,34988.8215468674,150727.305263119,534645.568784062,119892.708688014,141575.365764591,192164.938600116,91280.064132813,59555.2443308762,249997.326620218,158370.033315305,54657.0494238698,43462.2968288696,30680.3687690474,51447.1698983973,210665.721820138,305698.134614341,126476.38764824,432213.616304147,132585.265782929,2215328.13878769,398680.184131294,101888.486146192
345859.889953159,271469.855996211,83436.2647905605,263454.460231582,61208.8018658018,159392.806296748,110134.405931595,301196.393790648,0,173259.749777043,286028.042503295,939331.860999048,95948.7792843507,126866.513487072,252934.821480812,211846.858991291,675296.690804228,221070.063006434,116472.222060935,161454.277210062,195609.001657275,85792.6796073687,186772.528212388,166261.791876301,271007.836656445,310809.676173018,305783.226795806,306227.698068133,121649.480404711,257585.131480547,472276.218636208,82400.1759366459,127958.944403053,289604.999988662,224743.185341041,36088.2198862129,300462.209671385,258763.217061113,863156.844253845,182644.180002704,155325.409962663,285609.251417435,184395.071285257,214284.058375298,404681.017021683,170229.618567242,200470.220351494,278592.663421668,308660.870883854,238171.742450158,230213.355966828,237384.223239436,458753.959933044,199719.634643545,212406.501041719,286608.64515054,109921.479645115,243962.487207291,215689.45584473,264578.299818305,203069.071649966,193716.792473092,299339.526426846,953257.624531967,233596.330215947,270377.381421967,156434.421839364,281035.203394157,147632.105118588,307805.811105055,308293.672271311,860632.032626197,210611.754717826,228631.847886657,311386.828011736,201473.802979558,270627.230584541,179680.292616917,267113.926876385,153385.836356878,271688.926679064,181312.136636422,160885.086871192,128641.91758426,224285.628485442,242211.159302438,93189.0832989884,155691.098824976,249213.747958348,257907.933914907,271969.397262949,250204.747471489,115387.287876615,49012.7860172929,178921.002018914,199995.414417229,174166.943768033,1956930.93968186,158012.969996328,202323.830761381
489159.209788635,106749.222480387,198544.437206058,114388.586871691,180603.870856693,319895.233306632,65908.9088084619,137869.474428312,173259.749777043,0,122028.942639919,1109373.10407703,105933.515817518,241640.549839706,405733.500719281,58362.6086002594,838432.078158462,57113.5839676665,115533.270446567,327649.139930226,309224.700849233,179793.606982106,104269.723866137,103835.507770209,106262.977268035,147873.398307681,142645.372462591,143107.870629546,115346.169606219,107023.67785546,623452.816577477,210751.321644209,275381.119443977,125772.046670326,60800.3752513684,137202.881726507,139800.814642004,108161.013409192,1027145.86822578,24863.5913926994,299675.325332893,124455.085817737,18735.7053304316,46526.8597403743,562491.361534872,279039.74446627,41933.5545768906,451841.292328446,145638.744895922,71441.0204426943,62904.3336605092,78097.6419098593,618257.966459885,72783.631654887,74457.5759234116,122641.15150496,81016.8759193302,90020.406602061,63775.9506451033,106164.759615073,37960.3807199789,28195.2818168003,138524.525318547,1118516.21473781,66539.7389717409,111787.886244376,19631.7185623656,119717.116200295,55041.2966955959,144749.537200829,145256.906803003,1023888.95900366,41673.2081326314,64895.4767966395,148472.232664597,106932.526271974,112043.100526931,14234.9090170069,108453.42655182,24516.2911848298,431248.896250193,41212.29173615,26388.9170924036,54297.748682206,95889.7561457243,86487.9776246574,112128.319109262,20500.6485779866,83213.1866098121,95693.138979625,113412.524766095,87511.3529622853,72796.3986035004,169736.3874804,16171.7228986586,339373.233724657,10356.6545732739,2120378.87268278,300236.503752892,37393.1367502046
564631.6429842,15283.80522202,287758.488480796,40132.928373285,276446.255578068,415848.382880115,176364.221357966,15857.7270489751,286028.042503295,122028.942639919,0,1206165.92372017,227961.24805343,321265.934587729,491906.488526817,74331.6554025098,926235.799818684,66165.6254966932,193294.417734355,427734.187813991,378003.305638329,266341.559537399,131160.725068714,149142.591709505,15769.7585329013,25845.9403234986,20620.5072711676,21082.8474778857,190000.346921183,39948.7482633439,701681.425054493,302358.68399574,396390.072658166,3899.6460369478,62373.7856008686,251189.344989849,19599.0501977225,39341.6190502382,1114768.23000606,105000.975864961,421166.019743349,9012.48005035452,105671.255087138,75578.3353053169,648189.345231559,349330.816703981,86054.2848933483,561075.050772817,23613.3083799455,50592.4602296495,59125.1838807602,48720.6421096757,704585.934650148,94068.9189847222,79508.3877176358,1254.37815430361,203045.586861909,45142.3731479551,70939.7886980017,24600.8830133623,85423.3186797269,95519.9827034417,18277.363264062,1207440.42110066,55493.9107229975,20325.727526415,141646.955417167,9125.43956732288,139791.562526974,22724.2978576678,23231.6218066924,1110563.94903611,80360.1575185206,58286.0607644296,26446.5519387465,118811.493270197,20180.7723636641,110836.192344417,22416.5463256608,135070.330878222,521955.142060364,104803.971254538,126044.347751986,176321.594441893,80608.2785704619,45439.5507365794,234154.590954626,142529.47687452,38816.9759519816,28126.1224163106,19441.7937246225,35911.3190518483,194823.854674896,289984.241972865,110706.522696131,420290.483009583,116783.780304196,2204188.21838995,386143.227393833,86114.183892658
660873.306052851,1193793.35832194,918592.115017235,1173057.16095086,931795.127735798,791245.127638846,1043563.78788002,1219063.3722192,939331.860999048,1109373.10407703,1206165.92372017,0,1029704.47415817,886361.732935179,716362.88431902,1134664.99347226,298269.546654994,1148239.86109861,1012928.59989123,781830.803382873,839969.532116724,939888.524712319,1078635.15462339,1058638.41635104,1193400.6871,1227242.23322971,1222965.46955747,1223343.66908725,1016165.78433649,1169556.83110505,531714.822718791,904263.27295451,883216.568471675,1209206.70961551,1151463.79554926,974901.531576545,1215396.22898648,1170542.78658872,154633.576021825,1113212.31337574,873469.131480654,1202816.40667978,1117089.95901429,1144505.01741892,564859.05492907,864939.072971479,1127868.12012265,668247.636511605,1225414.25606788,1165462.13711331,1158672.8436696,1159315.79249617,509706.810255085,1112108.62302307,1126667.62261539,1206656.6368564,1048024.86702596,1161032.94059769,1136883.04606637,1181922.26331132,1133060.74065157,1125078.55093811,1214572.65004446,115547.654566241,1161559.8292132,1187065.69648072,1094282.73244576,1198947.69103178,1070238.89491627,1224686.57078381,1225101.75035862,166761.722633978,1141883.72044042,1154755.56080938,1227734.46865719,1093089.33553385,1187276.13662316,1113037.39676667,1184318.55645396,1086887.72586108,684557.436842619,1106169.67504779,1091870.96333931,1067971.06488474,1128892.4135673,1160868.01517844,1025193.95244547,1093607.51143146,1174868.22246537,1179393.87037478,1188407.78973832,1173002.8949634,1054167.40325992,960545.488183917,1111695.38182234,789610.986858347,1108186.4164691,1035756.70448681,820647.421161664,1132322.79397541
440888.513018254,212682.414000219,160950.777121669,217240.117858528,136887.357454422,255334.26537269,72540.717634599,243802.963603678,95948.7792843507,105933.515817518,227961.24805343,1029704.47415817,0,208873.926771812,348737.60375923,160359.092285112,769810.947888481,162608.63738546,129029.195384528,256651.809178654,280600.463261156,151507.149214856,171828.743492663,158051.411504621,212196.143348458,253804.733275849,248578.521458558,249041.018210394,132907.413392795,210142.305944039,568199.8035478,166613.927646438,171506.394721959,231705.388378267,166364.901715993,67389.9099463223,245611.921472231,211328.588322693,957209.889655173,125430.143424555,194755.748511838,230243.243826057,122918.791284158,152430.791131515,500476.718490396,252325.269857889,144928.18085086,363673.923109967,251571.885538705,177370.533988359,168836.155682115,182981.504247639,554305.930227269,162364.536622743,170339.920070547,228567.9605482,24918.753216821,193693.751401744,165464.271624414,211369.951423538,143196.026491161,133083.896936863,244345.890609251,1046744.39188239,172468.997265882,217103.601780256,86315.5866325395,225500.613846257,113332.259099819,250682.680119367,251190.050456676,954931.75981447,147606.279743692,170487.648015373,254405.373683691,182360.931813444,217360.937574649,117741.491455082,213742.811198979,97126.4467700311,367513.446768051,133362.761664704,107970.284476391,51641.3964261118,188903.653273701,190602.026926425,6203.97356784416,85433.0563066039,189146.413294235,201416.582888807,218744.056689544,193224.433697834,33137.5275927725,70496.9839889832,118315.340110324,293189.336934278,111846.66434846,2050736.78027071,251202.284606221,142558.305477743
247898.271769052,309788.631608893,47980.6455953249,286896.778268416,72016.2713448735,106805.615365554,179672.029409982,333489.407596763,126866.513487072,241640.549839706,321265.934587729,886361.732935179,208873.926771812,0,170692.016041347,252731.661083383,605030.656791596,268067.605464583,130565.842808109,126226.737864831,71826.0205021569,62374.8675238984,192293.248696804,172562.001407396,309428.737999228,341358.42115196,337232.725099916,337596.671980658,132859.406535644,283671.837874104,383428.586361484,44491.1334597798,223063.284312003,324127.549592175,270868.820502051,142402.839867191,329423.724077132,284623.265238117,793653.181052407,237779.739847043,247536.906109978,317320.535289745,243610.818852159,266764.838199546,327023.618416487,43811.9379622444,248895.970194463,270171.616416304,339592.503141215,284631.409860068,278882.574685035,276086.271041559,383401.665884883,227496.887466415,242057.430919659,321726.841392576,212325.395702995,276230.23292993,254148.152855309,296771.158577443,255777.026134979,249577.502996792,328641.052314836,886217.660806539,281312.117313205,301693.648146165,232298.442690707,313644.905112545,192453.448135076,338890.465164761,339290.924917863,789597.002449621,265233.004942393,273671.456715793,341835.374594547,206739.512167891,301893.167584533,240682.479300993,299097.300747297,217166.470522465,201917.436802485,226880.083127776,218652.47829199,219135.549726979,242734.684191495,276493.112778857,208469.668949684,231909.5534117,292788.51805963,295441.72445583,302967.914344833,289701.1999456,214143.807925479,175792.60839494,238731.471682253,99485.7882294272,237126.24331887,1884388.64463566,66028.0925545523,255089.144946701
96829.0381618873,480266.644103102,207754.048328025,457511.841662646,225309.131821197,94831.5898078261,340676.588769867,504180.761206655,252934.821480812,405733.500719281,491906.488526817,716362.88431902,348737.60375923,170692.016041347,0,422544.504225632,434690.156767353,437349.225731491,299998.229512471,101852.987742048,128289.196218105,227933.576699786,362789.79744524,343239.57499463,479899.519712193,512030.416710769,507919.547101846,508282.562427494,302719.10241976,454352.751074682,219774.704488877,194997.898518433,272720.178394266,494789.162727348,440303.330748461,283512.530898374,500081.007310565,455299.476175084,623444.26002112,405085.499380915,284616.564595248,488010.969158228,410170.96723841,435175.712029212,157094.280826451,149809.05860732,417660.8751843,163820.261061089,510271.89215381,454189.961343651,448078.068828578,446335.804646101,213279.183079462,398024.370616736,412598.982298244,492371.219095715,360158.117042581,446834.839584782,424213.783219885,467433.513039797,423949.800301725,417011.617304985,499307.99170542,715784.052796967,450669.860986237,472376.719186754,393652.435045287,484324.831964677,360340.488437721,509572.410865473,509971.453519461,619627.589080797,433228.587405017,443275.977351163,512504.756457199,377031.843088703,472576.959230459,406742.75435968,469766.975247795,381763.049212476,37349.0656066324,395639.691618186,384824.496252202,373866.776207929,413365.971068724,447017.555883851,346118.818753766,393123.944415152,462750.318462335,465894.227099306,473654.807523475,459991.354188262,364270.911313136,291499.771275838,405025.513212138,73520.6381172817,402594.1787793,1715371.80953719,106293.157083888,423238.319928758
499152.989915164,60240.753924506,216211.657445816,56927.3464263083,203419.799330064,343579.499750971,102672.85143315,89357.3492005374,211846.858991291,58362.6086002594,74331.6554025098,1134664.99347226,160359.092285112,252731.661083383,422544.504225632,0,857233.756084995,17592.9193023999,122547.897627993,354650.868523738,313810.320512581,195163.137672237,74387.8645988503,86030.1363527616,59801.922119391,98972.680258542,93937.6024040769,94382.3468371516,119917.371981946,49785.2908151286,635613.825326439,230407.137606887,324830.784593508,77858.4503524249,19163.3079469249,177283.245594137,88863.0654332809,50970.7135493935,1045983.44247842,35154.199422642,350229.171382662,73825.3600279636,39698.6083348898,24659.0249881384,579444.810976838,284265.259954232,16455.8489355626,486877.403973062,96819.0048929737,32135.2777289194,27915.3562483039,25616.2341666569,635754.70169133,30752.6581174525,21781.3812817048,74906.3306358459,135828.413047784,33558.4782126173,5433.68732448319,53052.6866627092,23227.2162999685,30881.9410803108,87694.3895416567,1138289.0946629,29485.5956755571,58897.815755365,76448.3141089998,69215.2464807606,65632.4573813023,95962.3396633369,96451.0778365682,1042090.30748694,27958.241889561,21199.2283479046,99552.6021657956,68712.104797261,59152.9199423734,44400.2699970413,55572.3102596333,63738.1135565903,451371.229434725,30538.2930407815,53563.0838425747,109710.207555092,42304.777110653,30953.4517965402,166474.632648869,77279.4790479858,40265.7205324936,46244.5302847854,60523.9586236866,38916.8260900272,127777.798351234,218147.749586494,43109.7522143315,352214.340420982,49791.4023608148,2137119.38571658,316314.661034515,23404.5830024046
368087.526756004,914812.278363777,641921.344184504,891098.63017365,658000.362371646,518965.008373377,772730.193111044,938195.760705215,675296.690804228,838432.078158462,926235.799818684,298269.546654994,769810.947888481,605030.656791596,434690.156767353,857233.756084995,0,871972.161168494,734686.750508428,513928.761292273,552131.867446949,662436.998644852,796272.329213115,777238.750198183,914450.556379381,945805.676484255,941823.966927322,942175.868120488,737399.423488986,888245.60232337,234860.88088341,628570.268962738,643801.660579781,929051.201236135,874952.08720133,709335.871428201,933792.299787536,889160.211246343,188815.529609803,839162.347876295,640496.432054951,922097.923240124,843942.327255886,869570.222511189,278050.935422657,578915.268231866,852179.725655452,427595.917281255,944103.210767881,888853.635608941,882677.655197269,880985.264108396,221651.126869892,832526.413241136,847087.276103103,926689.953468609,785205.545443976,881243.097295186,858893.942407568,901705.771305041,858285.375582127,851102.095005294,933064.808619197,281210.289191891,885301.600369271,906549.984224609,825128.295015787,918511.356045806,794717.424485343,943425.725396595,943812.244280083,185515.669396486,867486.411142171,877947.850413991,946264.376635241,810110.401715169,906744.843641781,840321.865854165,904007.769648161,814872.257506914,407199.762615398,830180.042060394,818553.506056271,802248.592191775,847076.809156077,881523.38953333,766062.231923786,824536.076810647,897439.614758745,900457.225732479,907793.023912265,894630.408532626,790435.83922175,704081.628957385,838709.543493832,505986.498238288,835941.264968879,1282158.76559939,540937.998435156,857567.326259634
515030.292732264,51061.1414345122,230340.911267096,59120.2433671389,216500.943097396,356996.832306023,110991.500893399,81897.6591646593,221070.063006434,57113.5839676665,66165.6254966932,1148239.86109861,162608.63738546,268067.605464583,437349.225731491,17592.9193023999,871972.161168494,0,137553.39816,367386.641855331,330120.235969429,209566.434753594,91980.4947208774,103253.000379552,50582.1380421874,91846.9116129012,86645.8438804414,87105.9829632942,135239.068657076,51684.1426335468,651286.232714331,244247.919525208,330248.705785461,69884.7767288129,3813.78714032124,185813.176253315,83091.4073103831,52733.3928911627,1060762.0175375,38906.0096226221,355111.282963136,67706.4290471506,39762.6515873526,12122.5310437989,594367.975685237,300446.00072476,20747.5984233917,497793.042253231,89624.4496129906,17355.9858583951,10861.6190702648,21402.2470838369,650622.409962031,48333.9636805514,38195.587685652,66773.4240180653,137735.542342296,34648.1391438279,19769.6017711882,49060.6983510734,19430.4590974217,29581.0801864496,81829.4763614201,1152923.35546808,13350.9228358198,54674.8544567535,76559.5750555371,62958.2167628064,78021.1175719716,88739.5186160387,89244.433825754,1056975.22910335,17172.3973866916,7923.82417891149,92444.850636849,86018.7170449966,54930.2198381854,44934.4073379668,51345.7832837426,68961.233791276,465639.128606133,42071.7587758977,60304.4352214934,111078.27329737,56720.4763805644,30618.1478265982,168793.489390999,77436.4198359079,28161.7343055435,38854.5879781415,56302.8748533459,30672.5641257615,129535.109452797,223818.820759447,44633.9713993238,367532.490570068,50870.6088901371,2152344.836999,331060.38055607,20083.5093058187
378032.757973507,180900.942385997,94488.2636836669,162130.96367043,85464.9493359784,222737.538784377,65803.6796027875,206555.462793582,116472.222060935,115533.270446567,193294.417734355,1012928.59989123,129029.195384528,130565.842808109,299998.229512471,122547.897627993,734686.750508428,137553.39816,0,235542.645165484,194885.466564216,73050.1739193626,73312.2004728026,51838.482155835,180513.748828397,215104.672183047,210621.629663045,211017.094986649,5200.91840718049,157808.252306144,513946.161509746,109238.445043711,243983.05299088,196396.635354107,140414.314051691,93706.0609883966,203507.019581455,158868.32415234,923439.844113468,108062.18093125,271295.975642422,190287.143687407,114516.042539675,136281.405827083,456927.169083241,164802.202287764,118345.522814409,373060.027967334,213185.920130393,154247.120961587,148350.064591753,146588.770385809,513222.589656585,99350.1982548527,113854.937870641,193793.941135858,117702.606209593,148201.76355869,124313.434138724,169202.901795133,125397.283648345,119664.512750031,202591.434000162,1015745.1290402,150829.023274394,174484.739791211,110749.246195564,186276.961613639,62730.6474521254,212423.006438483,212858.18698587,919567.747433385,134911.009301426,143312.582895781,215623.417474053,88661.0993802918,174703.585499512,112160.293307715,171639.190037141,91359.9493553259,329039.245123577,96347.3648638957,90494.7312304873,110614.409022714,118747.636218584,147945.408153728,132422.750280156,110613.49405822,162770.886394703,166498.576342166,175883.151827923,160275.586484816,114961.854301974,146758.338740269,109989.17708358,229996.842620728,109376.348958229,2014796.51962284,193771.048276004,124721.889317526
198668.764358462,414560.186381836,142123.14660594,397673.055624445,151303.279094644,23238.5564342228,261783.898149098,441539.113097225,161454.277210062,327649.139930226,427734.187813991,781830.803382873,256651.809178654,126226.737864831,101852.987742048,354650.868523738,513928.761292273,367386.641855331,235542.645165484,0,133609.740664351,163751.293312305,306268.608640218,285044.730298506,414143.22629881,450320.682368684,445726.1666115,446132.359280148,239440.273027817,393278.253212875,314858.086067791,126870.76837217,172229.894437072,430985.875416521,370729.074605722,195483.670772263,438849.200548806,394351.125736424,701978.707863376,331615.915949076,186491.665305172,425301.958111847,335313.32070344,363089.819722633,244440.698240587,134490.227092763,346821.231492954,143996.743137498,448357.048205779,384704.726310042,377632.13332622,379816.330624331,297720.209570374,334475.451231081,348809.366547062,428256.592725019,271310.680091736,382954.195885325,357298.226112084,404071.243461574,351621.948985967,343434.796899573,437905.985316113,792439.507182236,380634.72419818,409502.910785706,313012.256391448,421149.881611563,289442.883056838,447575.054141447,448021.201509732,699328.761798061,360311.653703889,374174.260329072,450851.58215831,321518.118163849,409729.359587574,331226.406817275,406551.117979571,305059.219318629,112161.844195734,325402.068583331,310156.470294643,288596.328339525,354154.714637517,382310.486190871,253256.220389929,312369.308921387,394562.199889081,400249.460141172,410949.176194802,393420.430096348,276511.963066659,194272.188159133,329910.328368797,88855.3294699285,326359.29139546,1795792.60640642,73191.0954842096,350880.539164179
186769.023443099,367881.908984856,119800.99614336,341108.388630537,143720.805182408,110389.329315683,249419.778630444,388852.319159689,195609.001657275,309224.700849233,378003.305638329,839969.532116724,280600.463261156,71826.0205021569,128289.196218105,313810.320512581,552131.867446949,330120.235969429,194885.466564216,133609.740664351,0,132890.358981478,246864.128935729,229468.20087851,367565.652274065,395876.848912168,392190.087923767,392514.881032554,196179.371951045,338918.118141646,323942.627113117,114702.557781476,274736.960574474,380534.78339623,332587.689381316,213856.001524039,383801.120213151,339748.721419976,739651.82271218,302909.53100233,296310.592978161,373053.20421735,309388.343457846,330230.502039398,275491.779430574,30196.2968122595,312058.979272195,265489.350823297,394297.075045297,345943.437856351,340977.752228801,335557.09231591,331461.252018271,286265.394929267,300521.311233404,378413.212249211,284057.996947599,333782.525223941,314502.939741031,353438.138088399,319691.754576063,314432.679641577,383163.269231535,832904.870967542,343074.54213139,357884.060647013,301331.073914923,369801.091931061,257610.419551844,393669.975526275,394027.665022854,734881.254381157,329260.565090785,334999.219064155,396302.030357373,259865.595838534,358059.491950914,306915.237655608,355600.900677783,284727.417709572,164778.496552036,290343.068163416,285070.924794024,290109.730964003,297651.406532494,334646.963420637,280079.24553404,301000.237754278,353018.070310942,353811.658936935,359003.332447799,348869.699333215,285723.348238245,243831.129044095,304792.272125785,58218.0722651166,303855.994782582,1826516.36694923,62099.2890143272,319041.227921627
309366.701986866,253914.409261496,21669.1478573701,234588.93565647,26004.4136398212,149953.239285346,117298.905948281,279526.654377732,85792.6796073687,179793.606982106,266341.559537399,939888.524712319,151507.149214856,62374.8675238984,227933.576699786,195163.137672237,662436.998644852,209566.434753594,73050.1739193626,163751.293312305,132890.358981478,0,142519.045715704,121310.412396844,253523.987730401,287987.049797982,283553.918878085,283945.22456566,76449.6794107363,230525.246260386,443998.810396334,36901.6494732741,205883.482705145,269433.311139749,212591.451014768,88526.8762281441,276315.378370267,231562.963581276,851238.792625962,177335.56816621,232721.57997569,263258.523617872,182719.113853661,207245.858260649,385022.079759036,103222.283780905,189751.753385636,304006.401749608,286090.298560901,226529.150181801,220250.250784699,219512.346888092,441198.427433521,172357.075789204,186882.547143691,266839.755263574,152119.345637928,221239.148435171,197149.384890221,242216.700403521,196030.135403047,189236.825861098,275424.339452415,943358.309756924,222904.346900243,247464.312279817,169989.535251377,259282.34173251,132420.801016335,285335.923303578,285766.260695242,847521.643896337,205337.839610244,215664.607698813,288499.274439688,157783.354819383,247680.993639753,179532.657489751,244643.240486118,155402.033869602,256208.421404228,167744.490439359,157509.277796266,157221.911960343,190770.677053752,220994.533118282,151989.608848204,169590.159342534,235427.914558909,239513.243027441,248848.070941919,233203.181841883,153267.411058599,132497.760876636,177692.343887825,159710.480751476,175713.541318699,1943259.74476619,121670.772065782,195320.978644314
