"120201088801701025","120201088801701013","synthesized35","synthesized19","synthesized51","synthesized27","120301088800704111","120201088801701054","120301088800704030","120101088800401027","synthesized24","synthesized8","synthesized15","synthesized48","synthesized9","synthesized36","120201088801701053","120301088800704038","120301088800704088","synthesized18","synthesized45","synthesized13","synthesized28","120401088801602149","synthesized22","synthesized1","synthesized54","synthesized25","120101088800401056","120401088801602016","synthesized41","synthesized34","synthesized10","120301088800704009","synthesized43","120301088800107120","synthesized21","synthesized29","synthesized53","120201088801701043","synthesized26","synthesized47","120101088800401068","synthesized6","synthesized20","120301088800704017","120101088800401080","120401088801602044","synthesized2","synthesized44","synthesized52","120301088800107021","120101088800401002","synthesized30","120101088800401091","synthesized31","120201088801701001","synthesized33","synthesized12","synthesized7","120301088800107096","120301088800107003","120401088801602037","synthesized40","synthesized16","120301088800107039","120101088800401096","synthesized5","synthesized14","120301088800107200","120301088800107143","120201088801701019","120301088800704054","synthesized49","synthesized4","120301088800704122","synthesized11","synthesized46","120201088801701050","120301088800704079","120201088801701031","120101088800401015","synthesized42","120101088800401037","120101088800401011","120301088800704062","synthesized17","synthesized37","120301088800107171","120301088800107077","synthesized39","synthesized32","120201088801701037","120301088800107058","synthesized38","120301088800107176","120401088801602002","synthesized3","synthesized50","synthesized23"
0,272309.244898888,166743.903148005,261535.2123213,227218.179783019,298543.654935022,1088772.97673183,1704940.84526291,64609.9024821009,208943.730398413,247408.795602863,218066.908663909,270972.382143333,277416.922055951,222664.849761665,265221.285677443,248677.462831013,273638.811899965,279421.871294221,259818.949290135,262054.351723387,299339.720245182,108751.793188752,263363.020691916,231574.728481496,196717.174411909,253066.038590905,262041.523300687,220612.695917007,235268.183548389,283088.545192009,208660.991712967,1077031.39171958,250952.090629126,272620.196650647,499044.503522066,131939.210014144,282972.293115835,203012.681797808,244792.903289888,301324.316042858,264087.497510207,151475.488228452,226108.197505347,202824.61706433,284680.364581797,208334.202906894,251845.281571577,207963.585421596,222737.797786814,258081.647291093,26305.8345317629,198039.536930513,281747.511042738,202989.081207804,135845.542002012,218144.758640263,293574.2224055,191643.44499227,215304.966128299,804874.770235041,21489.0966563229,261410.32856493,230793.765788719,217677.982899668,410804.11870973,235202.070051174,1358954.07735305,275297.550113808,55997.0416848836,237528.329946099,198054.185428832,229675.062625709,243500.837085988,243566.255232165,149445.81083239,284572.56774524,223069.326554932,276917.196927448,236025.130193163,195697.727057586,219974.532680611,282159.778206694,224723.146959733,280268.795935732,231974.079152373,288907.769488418,263585.727918661,216415.222103583,181490.462966775,273129.271081301,175537.342547757,276431.663193036,282577.686432744,201805.263579328,263384.9251367,176782.148744446,240319.295042898,168366.117758129,242198.568807895
272309.244898888,0,112829.99344771,15291.180223214,97193.6935357676,26258.8513236407,1351129.58030988,1977013.68210326,336845.098042787,77994.3031964386,24953.0470946025,77766.4472964731,25763.5694834524,8824.84512184114,76257.7879399711,32819.7906488836,57396.7830290879,22946.5809973625,18423.1349151494,27548.9898232709,37101.1217315518,27079.4019755727,171338.281771154,23080.8739961552,88191.1167560871,146211.489312845,50393.0783665259,37118.9574566558,289761.631641791,39288.1322879319,17181.574016896,120378.612094063,1349316.56849071,53720.8500660809,23980.2446845517,770793.703682357,148445.34020921,17197.5954415106,222947.608917647,50821.3125508257,29211.59725465,34320.1889742188,189607.728434663,70877.264300193,180534.719475613,17135.8505352847,252465.107925527,29271.5936134872,150815.014712645,107194.933556359,42804.0416867138,298319.371116827,74389.8113380209,17472.6552634567,222731.237131062,137128.572985832,84017.1376114756,21560.111284526,81336.1223385448,112227.362380592,1077066.94672548,293708.902493885,25775.9160180544,45245.6114267238,100628.053302103,682819.53678849,61888.0532727692,1631198.32348586,21393.8362266354,231147.036556557,76743.8798787531,128587.343543062,444264.968627122,66087.8513302148,65974.9824160241,421399.935270297,17130.1978733544,106420.539042111,390112.685272568,40861.4376452133,170560.032587919,113841.019897322,17352.8714043205,54942.6123136911,18005.7609652156,334078.659100096,18355.4637342284,34997.5259893873,123109.608542456,99241.0199223178,23465.835434023,96853.8437140628,9112.75533880007,17263.293593791,202565.534557772,12684.5585016207,107363.646058252,71672.1293392826,206277.901839187,68351.4665651331
166743.903148005,112829.99344771,0,99600.8641923147,68069.1288542047,138451.169631834,1238379.23200563,1870148.17646346,230019.632005444,42205.6966101777,89680.7900539762,51943.8648861131,106063.537812321,115955.017251765,56695.7843322869,99507.1039499909,81984.2613976572,109144.753402542,115888.688414041,95145.7830688189,95967.2450312008,139392.917058554,59871.0002826969,99219.1621307282,69361.5878523092,71499.4336718688,86344.6157904927,95955.8110856785,200344.527583309,73582.4474027292,120194.894956904,61900.184915486,1241634.33326972,84209.0139914458,107965.153120399,661346.91362604,36247.5994435142,120058.113341819,139200.648111502,78173.4704373795,141739.07200134,98233.1790270426,87463.265158627,59647.8442191402,104126.2600318,122069.072588827,165667.994551053,87891.8479052395,83763.4650002424,68066.9944187585,91623.8235542185,191720.57070955,48643.4741831565,118617.61414558,139011.217353176,35607.9682710445,53461.6579870779,132573.695181426,35492.4490664208,63304.642318016,969997.609833097,187500.771269474,96923.120412686,67930.8833058979,59505.1731267167,573934.499005034,68480.6314765902,1523721.54148622,111071.541794602,120083.605443863,72669.1292228954,57897.1443949585,333426.64920785,77274.1484270629,77330.0782036546,315783.607510345,121942.052706072,68012.3378595519,296841.163505188,72821.1526591581,91549.9996434817,68894.3389234869,119102.469342495,59823.5783297382,116881.657248259,239791.010493697,127059.532723914,97671.6170285469,71097.8188229468,14796.6433709232,108554.069961808,30263.6686394824,114776.401721196,119593.896256729,121756.77225591,101848.159963692,11844.9719030385,74688.5986927539,110347.557744573,76183.2119946703
261535.2123213,15291.180223214,99600.8641923147,0,82118.7944793225,38977.2777489326,1337929.44949313,1966473.72185068,325918.507259827,63228.1115101074,18456.1426965456,62536.5414899615,17218.2155776118,16354.2840080188,60975.4727749711,21035.4874304726,42907.9611807682,16752.2415571191,18763.427193627,13580.6961522709,24325.274251965,39953.3826344064,158784.255364175,10350.458934441,73173.7945038387,130923.947945581,36221.4194430204,24350.7936460882,274485.09090237,26410.6338224369,21650.8591415682,105106.932225808,1338496.25923988,39381.3229959265,16820.8633998425,759336.493095544,135578.545133906,21546.1829180508,207684.208139948,35783.7352122703,42401.7299150911,22135.268344752,174659.432454609,55588.1380705353,165289.88627347,23153.1372771173,237194.348686802,13991.7469246158,135596.645103426,92073.623073545,29227.7862428058,287376.1911105,64887.3354889604,20492.8637365022,207467.899848824,125815.043213092,68734.6466149759,32973.3450335328,69900.6384912876,96996.0049143934,1066405.18259876,282846.570558131,12278.1554868682,31680.7899872729,85376.0495604619,671531.879174124,46642.896718918,1620458.39190367,16928.8272642692,218857.994964534,61843.7493968548,113304.781605526,429816.941047337,51359.0794027405,51248.65689826,410883.470417574,23047.8306844393,91303.4438807375,374828.555409454,26831.9332354027,155280.355778709,98696.2685856641,20835.7329530886,40576.2572239906,19344.8125279392,318792.403039742,27604.9829946439,22652.0060927509,107940.074968775,85616.8187728255,16773.4619891426,86139.8404056997,15192.8973200764,21196.4448913394,187308.992682604,2609.82632597901,93434.7435011607,56841.8780479424,191078.047289898,53577.2966536317
227218.179783019,97193.6935357676,68069.1288542047,82118.7944793225,0,115582.936609065,1276990.17124231,1923002.29475077,287826.072152634,38745.6845815354,85888.9165755908,27950.2516330275,76412.9718037648,94808.9472687077,25654.9983857505,67673.9605505669,40890.2021809504,80384.3305171276,88843.6154777326,69985.7671607103,62754.5879635042,116663.42850164,118729.441543336,74782.1931000589,9171.83358360716,52023.0077902468,48278.5327575694,62742.9792698492,193582.644890976,68698.2016291444,94107.6968539645,26067.462764297,1293898.69844535,44752.0054420084,78872.7749080168,712064.01452854,96612.4299640103,93941.9105859515,126616.896251454,46384.9110184142,119341.587251775,65923.7387822712,104187.426120515,29670.3981188028,84047.2643842511,96369.1965622643,156211.356658891,68488.7072192164,54166.2649201972,10145.0150854844,56452.8962108072,250581.55729579,82532.6367497945,92189.1045784888,126399.880070009,103553.275239409,20703.7928974109,108792.598719308,72213.4752281295,16876.9162361951,1023393.38574952,246848.155447156,71914.4514449918,63132.8203485187,9542.80037901243,625910.924456155,35972.5776786675,1576013.3156132,82831.4907625141,175056.152403798,20873.4562155246,37094.8000317048,360912.097487628,31842.3372658904,31959.2170354054,373570.66833257,96216.3321136663,9369.60012268283,294062.416297914,63820.3951549283,75134.6518204256,16872.4620926256,92781.1390328177,53453.5030532818,90066.0110091786,238694.045229147,102325.702288126,65144.8481804007,26243.6518387859,56989.533433314,79627.1240720105,83539.9234936642,93440.1568269881,93378.5967690031,106166.928517031,84673.9303125934,56226.0996012543,26076.4490049212,114946.656614175,29501.5082104057
298543.654935022,26258.8513236407,138451.169631834,38977.2777489326,115582.936609065,0,1376827.22486451,2003190.95529388,363084.989538145,101831.773161995,51141.7798673442,99869.7820663008,39172.5757945868,22746.8848145902,97617.0775846165,47909.0019226181,74692.7761529447,35201.4203118275,26742.6612518918,46962.3731630683,52830.6919203634,1141.44911349983,197326.564253243,42115.1654058341,106419.10881552,166529.649893698,67304.4784885315,52860.8806876036,309165.443648445,64923.7633052409,21479.1245516072,140311.862232528,1375536.07487109,70833.3948299101,36712.852667452,797039.075504565,174287.924524719,21644.9866827134,242199.569837351,70481.7616688172,3759.10851875123,49661.5882034748,212662.709032066,92220.0880688872,199630.190383142,19213.8688197112,271794.102488299,51958.6315629678,169749.182276652,125727.932011803,59132.3761996445,324561.29797617,100570.175507232,23393.8934011192,241982.556445409,163360.90989738,105324.56456993,6801.01570757484,107533.112275292,131649.322679893,1103268.0913114,319946.441952962,44954.9552770854,70546.608236763,120446.78085888,709068.924920383,82387.5713579575,1657407.20192913,32754.3215003078,257237.433002243,94725.1429338679,149478.490763696,468496.222232873,83740.637939494,83623.7977536284,447594.874837331,19366.6380824314,124945.819751625,409645.284207255,65790.1051990838,190431.360583871,132455.305527062,22805.4718147214,79516.2252567757,25520.2937527037,354171.746222655,13308.2890578081,50440.4805565746,141824.492320304,124568.839683156,35955.842318652,123099.598759238,24040.0592714075,22208.1080990884,221749.837265215,36639.4808016969,132409.383889105,89509.8411736269,228010.424767258,86081.5017297699
1088772.97673183,1351129.58030988,1238379.23200563,1337929.44949313,1276990.17124231,1376827.22486451,0,775832.994429432,1026314.38450635,1276600.89925763,1327335.47106497,1281477.63167362,1342709.71071857,1354276.65156722,1285008.47519025,1335136.63930665,1312014.37824343,1346156.23449534,1353507.19052531,1332324.09962262,1330878.6146133,1377771.6729105,1180092.91540525,1336734.38695271,1284809.84187121,1227472.50763615,1318378.81998189,1330861.6258343,1116604.97826646,1311947.99673012,1358088.07764656,1251425.30504372,342853.22108262,1315338.44723857,1344844.11204281,612148.207764213,1202706.47939317,1357943.71638282,1170952.32161806,1311847.2866865,1380115.08600065,1333620.67342336,1172892.28481883,1289904.65314387,1206159.93985427,1360058.13905592,1146769.75253685,1325728.98544106,1231151.48369036,1268354.90746772,1325431.81582857,1062772.44096322,1280044.74575038,1356418.49669215,1171130.56175466,1216300.13427816,1278144.93312977,1370893.03428045,1270583.3942989,1260516.82992147,423173.165397329,1067797.70258298,1334222.09432578,1306289.65986703,1268720.84470366,697081.756519635,1300183.76130816,479212.223522947,1348281.44215045,1121143.01801032,1294815.42594218,1239993.96823396,919780.223884154,1304235.07038764,1304335.43966183,952159.17912429,1359924.99759451,1269020.34075046,1037829.51267945,1311105.97899209,1209396.7386795,1262641.04953518,1356933.22686504,1297668.2899657,1354570.5028754,1073429.45183907,1365245.21018762,1332946.57714299,1254700.57412166,1252334.17452523,1345499.56511543,1256581.20224958,1353074.85162619,1357453.31471935,1187805.27229644,1340208.54105992,1244771.11795865,1299284.01259281,1166107.16476482,1302225.08364193
1704940.84526291,1977013.68210326,1870148.17646346,1966473.72185068,1923002.29475077,2003190.95529388,775832.994429432,0,1640650.16994983,1911901.55841882,1952069.11929769,1919730.32172252,1975622.26398608,1982315.65381622,1924030.40839353,1969525.98266794,1950964.96873923,1978399.52140216,1984328.83659176,1964505.20141176,1966101.8942341,2003956.44058348,1810438.97832287,1968167.16285332,1929229.38178284,1879712.94406781,1956065.993956,1966088.05192035,1797355.86089928,1940203.84948349,1988027.7911482,1899794.58165728,629225.140622713,1953628.34261351,1977341.98868768,1211355.24378266,1834172.10712261,1987911.17439341,1839487.42620749,1948173.00120423,2005856.60516488,1968306.56493501,1824218.84653724,1928094.73420166,1867024.37323019,1989619.57968856,1820684.53443123,1956651.19995599,1886687.35039716,1916136.58408403,1961725.99303808,1679175.11363103,1902628.24576658,1986679.36427603,1839626.3493006,1840743.38957559,1918443.20373645,1998383.64439948,1896583.85202624,1908149.5388989,900157.616704819,1683657.31925551,1966144.54161987,1935661.05952174,1913747.43578098,1297101.59166423,1937784.83818435,347451.588743319,1980112.91167609,1750578.69194076,1937210.37991312,1888151.94808129,1596195.02282653,1944738.16742953,1944818.44853131,1555632.3760785,1989511.98953939,1916665.17640246,1737067.59019524,1940876.45702868,1866859.6040487,1911599.86727507,1987094.98904019,1929228.42679039,1985187.16257855,1760148.26603872,1993812.92555685,1967764.47405646,1905303.45371562,1884930.61249786,1977870.306735,1880418.04026923,1981344.8258515,1987515.05285742,1852644.7287598,1968311.05397858,1879163.43992978,1940779.83571082,1824725.48841454,1943130.78573304
64609.9024821009,336845.098042787,230019.632005444,325918.507259827,287826.072152634,363084.989538145,1026314.38450635,1640650.16994983,0,272096.159945731,311960.34836374,280707.975338985,335016.649654393,341862.496048082,285206.479126006,329064.616331883,311640.66025558,337761.751589293,343688.926739043,323885.157120831,325768.653480295,363888.05541092,170887.513675739,327520.527240495,292835.845841265,252695.911199177,316316.438018511,325756.904888706,246268.153619421,299601.130883695,347430.236309426,267538.76416001,1012579.14267522,314070.919623082,336714.05746551,434467.227106431,194499.80292589,347311.797341492,244637.030777981,308191.315402121,365885.600617309,327887.01737487,202292.18459218,288898.445829306,252984.081206065,349049.90741118,243094.95505229,316004.395606264,262833.689464576,282523.738223749,321607.726689463,38542.816376697,262617.15728321,346062.3786208,244661.522120944,200123.051375099,280266.556445141,358069.63729794,256018.971896449,274829.918291786,740528.331700609,43150.5098014299,325512.443491875,295013.762591315,278304.479220341,346202.294438318,298252.350057119,1294543.98733733,339465.379532703,112818.846749514,299515.69539975,256433.704926179,197363.881828227,306060.285984127,306131.300548938,85912.5158758759,348940.232703997,282923.616082768,280489.579859421,300226.653405519,247795.770713888,279155.444408774,346483.695622309,288661.239006146,344554.17136911,245591.166773493,353346.294539943,327364.808833828,274670.686891118,244813.631030415,337236.859530494,240026.643267329,340863.650146593,346909.696198166,247770.515346344,327800.308159956,239592.341954051,302590.259604359,214169.292024565,304643.643350337
208943.730398413,77994.3031964386,42205.6966101777,63228.1115101074,38745.6845815354,101831.773161995,1276600.89925763,1911901.55841882,272096.159945731,0,58982.7009264555,12243.2839711957,66113.0707746835,79112.683379828,16773.2880552424,58749.846270738,39805.3222735505,69565.2787059206,77085.6014289899,55820.4367944799,54779.8725247771,102851.451798883,101476.402966848,60369.4720218603,35064.7234324455,72951.7656612286,44228.9255066698,54768.8262666468,215631.093081954,40545.9543881116,81857.9553438132,50213.3607496129,1283266.60032436,42011.168276842,68244.6808130253,702605.411895525,77746.4531598031,81706.736202252,149841.343902391,36308.5542760586,105388.166244198,57319.2545497416,111684.340815945,18087.6289497835,108769.461222029,83927.6933842221,178808.456980127,49881.7301646736,80869.145422376,44702.6699004017,49950.1257672558,233854.24130464,43820.6689707914,80112.9337032458,149629.843227153,75902.9217311913,18161.3104476982,95444.82250022,33818.9489488917,45124.1616215148,1011775.68332339,229663.86429526,57756.2849656194,34078.8731990375,34762.0092093797,615398.602354213,26282.6803079499,1565376.29213481,71719.3192836335,161408.633874612,33553.8732744043,54854.1801800309,366670.896143986,35748.2972232184,35789.0459132503,357907.144232663,83787.5790061031,44187.3338490917,315277.461303378,37497.7685124007,97392.7724992814,49411.2851017912,80649.5508051243,23423.4010381438,78188.1939494578,258662.783396623,89416.8673824046,56689.2508241708,56650.4863220863,27532.6194566968,68904.4378704589,47048.7967011141,77809.7354689559,81193.3430453797,129991.214592572,65746.6799701762,32776.8066052841,34173.8120194962,129376.981576901,35004.2333256839
247408.795602863,24953.0470946025,89680.7900539762,18456.1426965456,85888.9165755908,51141.7798673442,1327335.47106497,1952069.11929769,311960.34836374,58982.7009264555,0,61908.4929960035,35154.8123102803,31171.9329710153,61761.3632398592,36700.0905219141,51363.8212398692,35155.8104232915,36622.8986523466,27848.9656789155,38424.2006071041,51931.1755789158,147274.877442697,27032.5798188849,77617.7272695907,130801.580229186,46246.332380183,38439.3014552764,274226.704731435,18484.7147934759,38457.8953779198,106065.228479393,1324395.67670922,48615.8025304861,35102.5065271741,746003.985067245,124712.217384476,38390.4875501716,207988.242423454,42298.5929625812,53937.0595470792,37247.2663849432,170019.263281744,56796.4426117364,166185.416212183,39438.2562531765,237210.940797788,21917.7311575637,137123.859283786,95238.3108422042,41397.2088412109,273442.284918662,49441.272959033,37716.4472904531,207774.351641364,112429.900143691,69114.7408172517,46435.9455658119,56887.5112093874,98870.8627864625,1052131.99578111,268818.310628078,27619.0589145632,24938.5231833201,87159.7125501785,657989.085667799,50171.1713389809,1606268.39985715,35379.1397193381,206819.142013348,67391.3243600703,112747.020361053,422555.878636816,58298.1359387771,58204.8772478274,396461.172545804,39368.784939473,94510.5072327138,374101.995629166,22461.3662438966,155367.507473382,101522.394156302,37935.0359337233,35723.7058384115,36990.4027384178,317572.853514072,42487.3502534645,37515.1112429036,110360.265155259,76801.9918144625,35122.883115918,72044.4800029884,30488.3106996295,38165.7052566091,187864.131672124,18917.6924019532,85376.0242932699,62998.5437385225,188345.178380208,60183.6412325551
218066.908663909,77766.4472964731,51943.8648861131,62536.5414899615,27950.2516330275,99869.7820663008,1281477.63167362,1919730.32172252,280707.975338985,12243.2839711957,61908.4929960035,0,62171.5591052366,77508.0557189387,4826.50099035646,54049.9314701802,31291.6771819819,65915.3846315969,73969.127419645,52944.1464398672,49566.930032431,100924.298870771,109823.850523445,57764.0873311886,23135.0903774108,69047.1575071642,37035.5822251734,49554.1576160399,212682.033406372,43671.6038152675,79023.6393574052,44200.6084911827,1290942.41565737,34212.2201143543,64487.2403804382,709891.131533525,86243.2654257135,78864.0317500532,146209.38287666,30495.9656859766,103544.547332823,52444.5817295556,112859.304256684,8513.98169681099,104283.171790482,81204.7958880789,175539.705862057,48600.0845960564,75285.0518904933,35353.2998678098,43970.2117101046,242648.838217522,55030.1524978386,77179.7493793956,145994.703561934,86681.040282329,7657.13438252375,93246.5913433775,45857.8142648831,37490.5282056728,1019675.6586103,238563.384535448,54953.5977036025,37502.6555593774,26063.4113472396,622932.318974882,18708.6114755978,1573071.77406878,68235.1404224771,169192.8781695,21549.3829938919,51114.8725543562,369402.444113758,25441.368014521,25505.0174678544,366600.525979386,81057.312110917,34730.9919276003,312817.599896892,39475.2965641584,93592.8094234034,40916.085586823,77747.283072712,26975.3790641044,75140.3070880487,256552.612008005,86962.2334757355,51734.1837401746,49149.1831709042,37851.6811778216,65201.3157076904,59279.0062562025,76152.3311103746,78321.9227066183,126015.26088218,65138.0283404266,41298.3366988634,22825.1975268726,128550.846912577,24249.7568524978
270972.382143333,25763.5694834524,106063.537812321,17218.2155776118,76412.9718037648,39172.5757945868,1342709.71071857,1975622.26398608,335016.649654393,66113.0707746835,35154.8123102803,62171.5591052366,0,19876.5003208887,59407.300874243,8745.83404347108,35523.8097791829,3971.73095787302,12430.872256127,11178.97418406,13658.6106548502,40250.7685500967,165908.551692591,8635.64865058063,67251.5958313509,127506.680923495,28135.9974379529,13698.1829265362,269994.378131801,37319.7167422053,17694.9095673176,101255.51699102,1347312.83913216,31661.6149873716,2460.29944147934,767345.446921421,142308.887418315,17529.3302624509,203028.440228852,31929.7458107529,42931.0483333768,10489.4484630026,174883.854427359,54110.878550723,160459.755390627,19960.5178385024,232623.006901085,19517.2285391295,130578.841798069,86557.8646028186,19973.7736537137,296525.360725408,77471.3649289344,15781.2866263458,202811.430755701,135218.546477449,66975.9976980061,32379.921323641,80116.0995264029,92528.1064982796,1075471.88929742,292115.726330017,9757.16243119577,40588.4826814016,81417.1533727057,679825.282333913,43961.9901153841,1629359.97155706,6418.65963195838,226137.104679232,55552.6837344055,110655.359940242,431573.208147351,44571.2901961345,44454.4382535503,420413.611340567,19807.6329112716,85774.4398106898,370474.990577819,35338.7137573508,151307.26788945,93285.1714507589,16368.3526745182,46425.9364496426,13653.2417638433,315027.700937671,25918.055767472,11268.4344300839,102653.179662444,91465.8120455063,3236.04431855807,96902.8544476074,18640.8827322584,16965.8299630412,182579.366740019,18000.6728827485,98329.669812098,50338.2424840425,189352.499781037,46912.0635142142
277416.922055951,8824.84512184114,115955.017251765,16354.2840080188,94808.9472687077,22746.8848145902,1354276.65156722,1982315.65381622,341862.496048082,79112.683379828,31171.9329710153,77508.0557189387,19876.5003208887,0,75487.7747405698,28046.0669408697,54199.7193940859,16360.888845983,10072.8559496163,25003.5923095142,32772.4660620721,23751.3426243454,175098.612535692,20126.818846726,85686.5556641497,144967.62525862,46914.2952907104,32800.0419260646,288141.578562523,42652.2078509363,8382.68897116698,118874.975864172,1354433.82462291,50388.0861176247,17676.1556740308,775461.746349459,151921.435970572,8391.33088787885,221212.508442488,48833.7636137283,26277.485539369,29719.5789416175,190151.808225141,70077.3299834657,178681.571547985,8603.91952451791,250788.354675458,29260.105253588,148840.087115324,104918.035062376,38905.1775230937,303320.678133559,80052.1506800502,8680.43335153655,220995.651896575,141829.290558199,83239.1780711491,16619.6565186941,85890.5412855098,110426.118290246,1082285.13771071,298762.686128553,23019.2318743715,48032.1860345199,99010.4424669808,687608.054020492,60500.7568713574,1636370.14097797,14313.552487044,235141.162787882,74053.0459264063,127649.485603692,445783.513795249,63154.1911748961,63038.3928748998,426689.452966063,8570.69643322571,104137.265710658,388590.670260395,43172.3073639182,169100.643197836,111625.189706782,8538.45982809168,56795.6790746961,9448.57915673854,332833.370741305,11524.9081998249,30467.7456992888,120968.938024287,101953.095060507,17018.8691129029,101898.450934038,1424.36297562811,8442.88953301324,200779.555668642,14177.1255678196,109714.334029724,68874.8969886247,205928.137356221,65475.0816523779
222664.849761665,76257.7879399711,56695.7843322869,60975.4727749711,25654.9983857505,97617.0775846165,1285008.47519025,1924030.40839353,285206.479126006,16773.2880552424,61761.3632398592,4826.50099035646,59407.300874243,75487.7747405698,0,51087.3509774794,27244.6848425336,63227.4013116539,71419.4961160761,50666.7940418929,46463.2895427748,98679.067774901,114322.242981122,55530.5191507151,19670.8146341214,70009.5405648579,33379.0833311563,46444.5349193175,213657.138353482,43881.6166879022,76546.641324737,44523.6356936032,1295210.619203,30373.7100992919,61771.1999241114,714076.008031176,90790.6310463138,76384.9061498339,146991.302793501,27501.6094762541,101321.895288138,49432.4594243039,115483.788023155,5524.82429698134,104813.995814066,78758.0988765749,176425.215542966,46987.6346449751,75469.3756898313,33986.2799154399,40662.2435175319,247186.556699576,58566.688855534,74679.1282974499,146775.708077586,91491.0509994894,7776.24152824274,90932.333279929,49989.9257815125,37117.5741692308,1023997.60314036,243120.684005013,52674.7182880862,37981.3492452494,25419.8059319559,627178.08442705,15474.0845810954,1577342.61605148,65590.2817416542,173549.117984398,16814.2048508282,52332.356669933,372333.298847566,20870.0699074984,20939.8439864574,371106.819768284,78608.7437049905,33301.7258831521,313928.173409304,39338.8337777927,94451.6451645534,39975.8398927435,75252.8186481149,27937.3284957618,72608.3567675205,257825.357213589,84579.4299319717,48700.3986728544,48635.4593392915,42656.5059177733,62501.600859222,63796.0634380579,74119.1487845832,75835.401924322,126698.195290946,63583.7228812002,45944.3737935198,18029.9965629889,130449.286857352,19566.9023523711
265221.285677443,32819.7906488836,99507.1039499909,21035.4874304726,67673.9605505669,47909.0019226181,1335136.63930665,1969525.98266794,329064.616331883,58749.846270738,36700.0905219141,54049.9314701802,8745.83404347108,28046.0669408697,51087.3509774794,0,26783.8502274089,12714.9639726189,21172.1453458319,8906.80277862556,4934.11475916781,48990.2729061241,159370.579184828,10692.9902537985,58510.6377879555,118814.129301631,19395.5448802367,5060.62217813638,261256.495954433,34379.6111855469,26435.594146463,92555.2508453513,1341091.86138229,22926.4205131352,11204.100773213,760838.601123277,135691.098881881,26269.8541471106,194290.649557211,23626.5214834951,51667.6492880063,1789.89738640604,166543.521860898,45848.9846760308,151721.20839319,28695.3014945069,223885.16815459,16816.042500179,121840.191605709,77818.9578237079,11228.3373397718,290622.385643444,74183.5127479102,24515.1619893674,194073.636363384,129721.786186885,58571.3429157985,41119.675035181,75430.1068941149,83806.3985998534,1069368.43397207,286269.346217445,9205.21852422746,36384.536161999,72730.1307024307,673439.881426428,35614.5619204545,1623166.15657375,15161.1637923252,219552.360977486,46819.0578426666,102031.862751962,423391.43575632,35831.6857485724,35714.8336990839,414612.115045831,28542.4110948532,77037.1726297268,361736.31895534,31310.1681273199,142584.781450111,84546.3203452116,25109.15957102,40548.386807454,22394.3356139893,306296.742672082,34663.2149391682,2557.18625817226,93915.7522652835,84790.7829547252,11953.2702081046,92319.8896628429,26743.2612258516,25706.5832109109,173840.85160494,22707.662802206,91287.1602599752,41601.7137256716,180759.367832807,38172.5085869601
248677.462831013,57396.7830290879,81984.2613976572,42907.9611807682,40890.2021809504,74692.7761529447,1312014.37824343,1950964.96873923,311640.66025558,39805.3222735505,51363.8212398692,31291.6771819819,35523.8097791829,54199.7193940859,27244.6848425336,26783.8502274089,0,39495.0302628274,47954.0932557212,29853.9394330241,21866.431121213,75773.5716362618,140821.172226185,34456.1326690598,31727.8513463077,92225.9851486095,7388.55008822884,21870.7094500558,234472.756045473,38559.3396119813,53218.0678020133,65953.0534346625,1322201.17698305,3877.70013272424,37983.5126352568,741179.802006464,117149.392758511,53052.3567738604,167506.932042603,9676.11411511223,78451.4147650214,25035.2197104947,141280.413114136,22877.4104663073,124937.42810085,55479.0489603218,197101.437611166,30530.9902605795,95056.4404062446,51035.1914079775,15565.8287069594,273476.859870614,70184.4241199119,51298.9614917378,167289.924425759,115397.337359424,33871.9148132267,67902.8121819546,66381.8477432052,57107.8379630481,1050892.03502782,269327.408396983,31667.6712141072,35807.3982851825,46227.5914878068,654205.000190355,13540.7598035223,1604328.5519695,41942.1176726974,200396.531433809,20042.9110233903,75760.6363565489,398460.739371664,9047.89508964035,8931.16586858527,397498.887294034,55326.1695246447,50253.8726651949,334952.5598672,33304.0672288175,115858.384173956,57762.5702203308,51891.5368593574,32079.5865395569,49176.4657017298,279537.049731253,61439.4390321344,24256.4531449414,67132.2652511775,67336.9330870119,38736.9791539405,82563.1477953992,52844.0969132775,52488.9768128888,147057.110391055,45320.5875937254,72050.0489134989,14820.9308009184,154520.096546378,11388.889622453
273638.811899965,22946.5809973625,109144.753402542,16752.2415571191,80384.3305171276,35201.4203118275,1346156.23449534,1978399.52140216,337761.751589293,69565.2787059206,35155.8104232915,65915.3846315969,3971.73095787302,16360.888845983,63227.4013116539,12714.9639726189,39495.0302628274,0,8459.57951682075,14004.4973635525,17630.0444386799,36279.3973467594,168946.29035556,10345.9105301774,71222.7876305204,131459.122376269,32107.0688157043,17665.205162025,273965.768316998,39231.4217764844,13723.5325460519,105211.477811266,1350149.40250073,35633.0206986947,1512.68688986821,770317.375791967,145390.852022668,13558.1462437347,206999.828690672,35776.2759642013,38959.822350397,14460.8021368972,178686.848265657,57910.50361694,164431.137880564,15989.9004515654,236594.39873917,21821.6483035653,134550.223084002,90529.2277262243,23943.0003957603,299253.951903749,79239.9315705338,11811.4731590702,206782.829155389,137826.80408099,70822.9322649648,28408.5483916274,82464.5148009422,96492.7046757947,1078257.85867057,294820.027326803,12272.6267049879,42955.2513175633,85368.4157412462,682744.826263136,47802.6265500289,1632182.7065772,2448.1473375752,229177.525186415,59523.9911769302,114580.663702291,435298.817003965,48542.5671619722,48425.6972257247,423083.761846739,15837.1394867556,89745.8324960812,374446.375581405,37699.7369032348,155272.713834807,97256.5343356686,12396.9996283399,49377.3071634897,9681.92507688018,318996.056412123,21948.5602891934,15239.7980712723,106624.57757455,94611.021847907,841.033003759981,99170.1174133605,15199.2107978579,12994.5152702529,186550.753082507,16955.1197345234,101617.796667717,54309.6405001976,193262.45265713,50883.3714199846
279421.871294221,18423.1349151494,115888.688414041,18763.427193627,88843.6154777326,26742.6612518918,1353507.19052531,1984328.83659176,343688.926739043,77085.6014289899,36622.8986523466,73969.127419645,12430.872256127,10072.8559496163,71419.4961160761,21172.1453458319,47954.0932557212,8459.57951682075,0,21280.3335881495,26089.4259202822,27820.0639818689,175541.244795878,16773.2606224548,79681.7669979997,139881.71867004,40566.042449731,26119.7154299293,282425.148091253,44226.4428515996,5264.37140396655,113641.594017559,1356210.49784222,44092.4000111765,9971.02991513412,776677.601292816,152093.22742063,5099.130385155,215459.205856081,44043.6303580151,30500.9450146901,22920.1948350786,186810.88648611,66071.316732036,172890.493481843,7535.49190896767,245053.769920215,28004.5900362543,143009.567382047,98988.5254355283,32399.4400363359,305157.04305448,83513.3534112886,3366.57472079022,215242.201701656,143590.973679568,79058.2736536577,19949.1610949191,87856.8652442977,104939.325129183,1084216.82280633,300674.205709192,19334.0903828754,48697.7895462953,93790.5787264952,688998.758233356,56044.2174852104,1638211.23507709,6012.59986329447,235746.188061537,67983.2470606355,122951.723626495,443248.878949143,57001.7426937657,56884.8788098352,428838.571353001,7382.61787502896,98205.2211227807,382905.73443846,43517.1844169749,163720.383551929,105715.868453004,3937.89587034937,56085.1709469955,1224.24000039843,327449.204868332,13496.9282079018,23699.0630753498,115083.947840115,101503.843008216,9223.1012832079,104339.794832649,9385.57573955947,4535.15133445664,195010.104656049,17741.9616395482,108773.8479718,62769.0172884932,201598.943127416,59342.5583112154
259818.949290135,27548.9898232709,95145.7830688189,13580.6961522709,69985.7671607103,46962.3731630683,1332324.09962262,1964505.20141176,323885.157120831,55820.4367944799,27848.9656789155,52944.1464398672,11178.97418406,25003.5923095142,50666.7940418929,8906.80277862556,29853.9394330241,14004.4973635525,21280.3335881495,0,11002.0368268522,48025.2676593426,154950.663038211,4898.11729426634,60904.7194889653,119969.74930412,22890.7706127731,11062.5199640244,263166.522092503,26523.4299133486,26169.6220946972,93874.5912807536,1336221.59878693,26189.2459852333,12857.8680684625,756335.742191249,131391.655536523,26013.5358454572,196250.100665927,23857.7105023148,50660.3129619997,9418.69982140402,165790.970876626,45262.9436416357,153734.462154463,28309.7455958826,225819.164144207,8608.04702270294,123913.291897948,80061.5250975837,15653.163131615,285388.038003219,66658.0732195453,24367.5231791062,196033.309142585,124050.214704338,58386.8029682155,40311.2120735286,68968.3233846481,85450.5862004057,1064357.9408111,280971.089348454,2142.37067777621,29465.4022293087,74012.232685534,668780.263188855,35536.2450283731,1618262.35411524,15990.0504256162,215181.102049184,49362.1261860664,102695.031909715,422038.295461899,38597.0929507059,38483.2770754947,409261.412945871,28164.3654058472,79284.4291181015,363606.322878709,24218.4089389229,144104.146659093,86751.8844343491,24923.1161440929,35386.4642043743,22400.5393224629,307832.75855697,34037.5298733599,9736.42576742013,96078.3652586277,80619.279357315,13416.7297741719,85772.7750538891,23635.927444657,25483.5333024726,175822.916324521,15759.7614361874,87683.1087356647,44236.8064207464,181094.110618092,40880.7314298412
262054.351723387,37101.1217315518,95967.2450312008,24325.274251965,62754.5879635042,52830.6919203634,1330878.6146133,1966101.8942341,325768.653480295,54779.8725247771,38424.2006071041,49566.930032431,13658.6106548502,32772.4660620721,46463.2895427748,4934.11475916781,21866.431121213,17630.0444386799,26089.4259202822,11002.0368268522,0,53909.3437841611,155782.026501149,14273.3319953609,53594.0308019059,113923.343834783,14479.707616665,730.687021686498,256335.804914517,33619.2717254644,31353.4806018858,87660.6373086411,1337601.30351829,18003.0375876768,16118.4832441324,757194.237043841,132072.394926494,31187.8100544139,189369.871785077,19094.9776989246,56589.2540491027,3169.4517282137,161866.200536856,41290.6821190358,146801.223119935,33617.6822414491,218964.439336653,17149.1948611193,116920.334139196,72899.4399827995,6344.06793102155,287362.364107061,72728.396811817,29437.8821735421,189152.8604497,126789.288885016,53883.4611521077,46038.5019115019,73118.1553743521,78898.1208590344,1065947.63347734,283043.206262629,12059.1892261992,34759.2525488757,67845.7773587278,669866.868993883,31005.725834623,1619688.68626813,20077.1740359866,215911.285526208,41894.4989585636,97183.9242456447,418794.431823864,30913.3759869585,30796.5528556525,411390.726281131,33464.830723528,72115.8608937228,356816.446254721,29942.455053339,137671.765536181,79626.7177023275,30026.9136953247,37732.3945243087,27311.7604860249,301380.190204693,39573.058636265,2391.36642201368,88994.6084215687,81203.314699827,16877.6062993943,90011.4152539939,31445.8591504366,30624.4016436205,168920.826524615,26277.9593278461,87455.1101399918,36679.685310074,175926.280664886,33254.0889845349
299339.720245182,27079.4019755727,139392.917058554,39953.3826344064,116663.42850164,1141.44911349983,1377771.6729105,2003956.44058348,363888.05541092,102851.451798883,51931.1755789158,100924.298870771,40250.7685500967,23751.3426243454,98679.067774901,48990.2729061241,75773.5716362618,36279.3973467594,27820.0639818689,48025.2676593426,53909.3437841611,0,198230.809349673,43172.4558728063,107500.870297915,167606.858070745,68385.3354623945,53934.3853038922,310245.132222086,65850.1113065918,22555.8848314283,141389.990155048,1376321.80782963,71912.3626327473,37790.9764064478,797869.205103559,175210.546850847,22721.8991622101,243279.195092643,71549.3518424099,2703.62146684015,50740.1568239991,213711.655963528,93285.4028705241,200710.431759299,20297.0052968488,272873.764097717,52978.1489256473,170829.476472335,126808.377237855,60215.6005147205,325367.015913263,101346.28275216,24476.509131532,243062.188440411,164202.068943884,106389.636145457,7871.00062028883,108390.688357948,132728.795883605,1104044.12027663,320747.47667581,46011.9059604263,71495.9378079337,121524.640617961,709888.215367827,83455.9602286964,1658186.78532665,33832.192435607,258125.697965591,95802.9298835019,150550.894946649,469519.46507895,84821.3364613822,84704.4769794803,448369.22257168,20449.8245029328,126025.190132547,410725.677374024,66759.5697036669,191509.170601103,133535.707399301,23882.4542992523,80506.7008198792,26597.6219179974,355250.803807872,14361.6177935164,51519.0803761618,142903.938889303,125530.413636551,37037.5549191278,123919.350756374,25046.6529540498,23285.0342126938,222830.051035402,37601.2901463663,133388.02816695,90588.9927644919,229078.36006,87162.1605590101
