"synthesized11","040901088800304008","synthesized32","040701088801502301","synthesized23","041901088800103027","040901088800304054","040601088802303004","040601088802303081","synthesized6","synthesized22","041901088800103017","041901088800103137","synthesized16","041901088800103012","040101088802202106","040901088800304075","040601088802303005","040401088801103085","synthesized1","040101088802202073","synthesized31","040401088801103004","040901088800304125","040401088801103058","040101088802202238","041901088800103077","synthesized4","synthesized19","040401088801103164","040701088801502376","synthesized9","040101088802202029","040101088802202172","041901088800103047","040401088801103076","040701088801502043","040101088802202007","040401088801103022","040601088802303061","040901088800304144","040901088800304099","040101088802202062","synthesized30","040601088802303035","040101088802202205","040701088801502263","synthesized25","040901088800304188","synthesized18","040601088802303020","synthesized8","040901088800304166","040601088802303050","040401088801103128","040401088801103040","synthesized29","040701088801502007","040601088802303096","040401088801103182","040901088800304120","040101088802202139","040101088802202304","synthesized26","041901088800103107","synthesized5","synthesized20","040101088802202040","synthesized27","synthesized17","040401088801103146","040601088802303111","synthesized33","040601088802303126","040701088801502311","synthesized10","synthesized24","synthesized3","040701088801502190","synthesized15","041901088800103122","040701088801502470","041901088800103062","synthesized2","040901088800304032","041901088800103092","synthesized28","040101088802202271","040601088802303141","synthesized12","040901088800304210","synthesized7","041901088800103032","synthesized14","040401088801103071","040701088801502432","040601088802303066","041901088800103002","synthesized13","synthesized21"
0,396116.960503496,1046589.26145812,994.439569433675,135878.245676264,108574.106815398,146717.469166437,1563208.66302475,683387.864280051,68769.732354474,38500.3009764489,38171.3766955799,403438.888248883,2905112.41403575,6295977.50936268,295358.072886506,54981.1897181307,8711.93579840399,38000.3032798446,50278.9895046322,197958.631791182,53025.6999637407,12599514.7823041,1286109.35632386,147446.039462592,23819.0939133748,44616.1068616279,172922.776262424,2777663.92167526,29875.3998062203,8667.63132217161,60700.5338907801,267081.126777781,4699973.16360524,57907.8340329788,1078700.21859366,58587.3320683693,78903.466635413,1544533.53532574,27070.8295314938,58006.6768540329,260550.302609793,50705.5483564777,38520.7680738506,74649.4577206118,1476375.29989105,41671.6963089177,89888.0408900241,11596.5993713576,146133.157478123,141991.163377368,40862.5474175991,32092.1864257907,39051.2601609433,28492.6843337594,10337773.0220873,163346.734088358,190897.522983306,11863.8740348741,751310.157123654,273725.317693137,48755.4281290443,102560.430980197,673362.977195874,48543.0119674226,57072.5818311363,49060.3103949896,979576.731774335,66770.1329253642,195557.617325316,339974.101211794,196050.377506238,454322.912715798,51028.9855799014,41995.0803718878,13060.2812602773,231327.357323917,278753.951692681,77209.3266162407,53586.6870768657,424389.77530933,143099.253099575,351292.310089657,43893.8695590767,36215.9996971041,1368767.91395571,268779.000520197,350915.864817631,71281.0397075458,122904.999812299,2153953.29482145,434723.01618268,229661.977503689,48807.4717267216,67537.9982308454,3533.36835667491,175043.434129729,128906.364808676,162010.341052692,63085.1170715655
396116.960503496,0,653022.699786013,395515.993470647,324428.357323887,335662.297316396,250764.79979067,1170932.2766654,289978.413645327,337466.229744042,422206.605734343,361386.610519867,47599.3589456459,2510415.74978938,5901273.55419085,104144.159428234,433939.151406726,388237.316160921,366321.505571774,365735.474910357,202911.265124854,425984.011169844,12204518.4298993,897802.317666154,312489.50695413,412026.682317669,392380.244400373,255110.1065578,2382513.55748308,371446.651698636,401811.418690959,438082.469775966,300695.103264843,4305182.01427899,436052.840363405,687671.246778349,430379.336727959,324765.759104628,1149197.25145855,379047.572017402,354428.083548109,300569.37630022,430865.272572724,379099.168288236,325137.224557859,1087480.56403883,366740.765040563,318266.353793936,395148.665250847,252062.664910353,254770.627531587,423864.988892335,376008.183492342,365676.714160404,398550.614057688,9942729.16732801,233357.271207316,223757.875129065,384290.064800083,379845.342119013,123034.85848422,348131.579882189,311690.260236729,280418.321057541,422677.115029969,435444.565631661,429687.927074287,583749.931566359,345943.354729886,218807.974626917,58950.7720995986,306880.35823881,107719.079757895,424509.982154286,424668.324463408,396030.85419908,168410.036968425,183130.113565798,350752.910227842,369799.360935657,31731.3271846721,321779.341820252,141127.633327487,364814.074743166,362582.414249479,973442.207201621,300751.284033806,121885.813434846,326655.030729225,322030.132988081,1759771.41447561,86746.97527343,301893.382656454,361617.031409819,349076.163049313,398414.832960343,282167.247016188,274019.360957035,298538.603672945,439821.024170253
1046589.26145812,653022.699786013,0,1045927.34911865,953933.628863753,971736.779571816,899902.207103431,518130.433722489,363382.937197709,990257.0764201,1074515.39887353,1010401.54519227,643410.728505492,1858619.87170369,5249426.32881435,756906.203000327,1086666.44700455,1039060.32350897,1014380.36429885,1018583.4952982,849170.05621436,1078828.69580151,11553063.2862124,255291.913199619,940235.993173431,1063786.61529582,1045284.58155315,888854.213407005,1731594.38509663,1020299.57318979,1052812.51710121,1090910.17673189,875241.942299216,3653469.35470857,1088833.82550226,51789.479644716,1083294.41203199,977518.235416755,499977.148926194,1027369.86757257,1000193.39334355,878862.761829569,1083503.04248037,1031763.21566453,977475.06533267,439573.138785259,1019247.25532562,971256.956738104,1046552.96756614,904687.810908812,906852.967505031,1076245.3103137,1023841.48777516,1013627.56835551,1050924.50078658,9291359.62797808,885548.629213352,862147.884624875,1034726.49045645,326695.714682103,773353.722463228,999501.919825545,954617.345034362,373288.577752136,1075444.61299721,1088210.00118627,1082287.71887276,90472.6354885448,998896.534571943,857127.883505124,711424.806926982,916352.140328448,598447.163618827,1077322.4271951,1077082.64911698,1047537.56638028,821417.859182979,788881.216882568,992720.601684353,1022765.49426582,627718.526710715,949300.801227862,714349.914806007,1017373.38029833,1011833.59751957,325091.489055274,874306.300094622,707747.162850405,978602.680093798,956186.532732236,1107364.36099333,615416.269907873,896432.498280121,1014317.21303698,993559.355161378,1049110.17918375,906303.738210074,920051.904271208,923852.40459778,1092684.35322407
994.439569433675,395515.993470647,1045927.34911865,0,134953.923101164,107649.655252609,146045.202379697,1562527.01154862,682735.033605145,68584.6754386895,39425.8232106942,37338.3400390642,402758.973363077,2904457.63001761,6295320.50025704,294812.746250134,55903.790453086,8499.57598420307,37097.9793280458,50433.9392659658,197256.477051692,53938.3950735752,12598862.8653718,1285400.18351311,146523.255274304,24750.8403730632,45229.9522112028,172066.483080562,2777018.30302465,29001.6218328861,9611.37200391696,61623.2390262124,266157.548143633,4699318.49979107,58828.1708679386,1078014.1337387,59498.3730347929,78624.8156181318,1543894.91116498,26139.6625743403,57091.5333938089,259627.243637022,51633.2329914694,38853.8609840302,74274.0712050856,1475667.4612579,41721.3915684097,89666.9711102916,12247.5088300375,145633.275819303,141447.095765769,41781.4290862634,31162.1506222192,38144.3533323773,29234.9749779517,10337122.2974235,162793.888265558,190103.343048218,11234.4434341092,750555.179873686,273098.346027012,48283.3029358332,101689.267526544,672706.591167534,49447.9366289836,57990.4926007951,49988.106614947,978954.977546258,66734.6784678398,194768.928377146,339407.97538345,195126.208476272,453585.88705378,51943.2736302778,42920.4510366196,13755.8589503994,230810.230529753,277916.721475903,76284.6245941354,53855.1392718716,423813.467040093,142174.951955855,350481.604319451,43927.6753485096,35402.5627991043,1368129.78750342,267854.921187941,350132.401763046,70840.3124207474,121983.869080253,2153291.58402879,434001.390109009,228737.860340435,48844.1357568095,66618.4644682138,4437.98918509108,174135.418688678,128141.270597968,161091.995120123,64009.9769314894
135878.245676264,324428.357323887,953933.628863753,134953.923101164,0,27304.3236343546,104384.522775062,1465823.12486763,595116.202348927,139094.331032911,174378.376548463,102959.175501588,317074.970311497,2810405.85656879,6200079.60041245,241365.167894006,190857.679851678,133773.397836369,99168.2886535547,152250.619418016,129190.965015559,188382.601654576,12503994.4367202,1185010.35591627,14089.9090049634,159695.60067217,168699.035934446,69349.292384439,2684435.49513385,107542.277026283,144539.161701679,196577.144654759,131203.900099577,4604669.61061071,193781.284466997,981996.5681732,194039.838844315,134489.71006091,1453893.87097917,108817.448816565,78925.9011307956,124674.441722962,186583.384219284,153723.56265419,125172.169766585,1375014.70453124,143749.545932862,143523.531846251,144132.997302185,134983.016638422,125690.719936889,176734.089177569,103794.583668924,98101.2780998638,159352.060845912,10242513.891752,135944.456425015,101459.693306843,127751.456130243,645021.248833602,206924.197202232,118303.133708184,51624.7642969603,584622.762868502,183831.476014002,192941.15122211,184938.106984285,893725.677042798,148594.612009417,106219.817179387,278154.04727844,60172.3095534506,355507.713448895,186359.108956632,177873.183390663,145845.906136196,191724.133256855,165749.355838423,58669.3383849866,159596.301501835,355761.76430609,7221.12592214143,241087.605586406,143944.997831308,105356.372317853,1278674.0891474,132901.013546671,246247.159429479,119106.555261693,15686.9636048572,2058783.88826714,339318.33432846,93783.960202512,145827.952278152,69373.624424657,139391.55776631,48214.0610489633,77518.8294071729,31024.6449060934,198963.164012797
108574.106815398,335662.297316396,971736.779571816,107649.655252609,27304.3236343546,0,100337.850206729,1484907.09110936,611454.701401494,115953.645160091,147074.171369922,76148.6846191139,331777.290293174,2829167.53941689,6219230.40868804,247216.303011752,163553.409124199,106536.423730774,71998.5313533211,126750.480046393,135079.931310569,161112.692393673,12523129.1359649,1204776.81304776,39531.6101392976,132391.6703387,142042.204540872,82988.8259969866,2702879.30766521,80351.0121508229,117235.322368648,169272.863188346,158508.084885707,4623657.74916856,166477.068733434,1000698.19772113,166765.239521326,112868.981425639,1471548.72764353,81513.3815738786,51856.8572029767,151978.335913749,159279.361439945,127342.022015289,103319.44313958,1394911.6358731,117881.414425412,122958.398601561,116885.639313219,126038.837074018,117091.686430318,149429.882291853,76490.5360458487,70935.2930654598,132246.377968065,10261582.5121868,131013.058820552,112177.779913198,100522.00788479,665515.873009872,215186.280019443,93254.3286306272,35759.9046174779,601042.281567215,156563.447803162,165637.109076329,157634.083603175,909999.178348861,124798.832375971,117199.496972871,286502.831118918,87476.5833086707,373499.211649271,159090.206970489,150568.98478605,118601.860540692,192769.962428906,186016.471417322,31365.0905876038,134034.070314754,366552.396403961,34525.3321046069,261298.855074094,118233.307623773,78539.6283322633,1296137.52406731,160205.292785114,265015.650462946,96913.2426706635,16357.799098815,2077544.51732136,356387.118404922,121088.239842825,120443.480562035,42398.0958102841,112087.290503252,71063.6924498563,71946.2418387897,55487.8260261647,171658.941615174
146717.469166437,250764.79979067,899902.207103431,146045.202379697,104384.522775062,100337.850206729,0,1416502.97009139,536768.749811137,98604.1265064816,176781.12759244,110813.658481874,256731.703827883,2758463.21903536,6149313.43150525,153558.753610796,190579.878850789,139335.880041461,115557.956739029,125782.66231809,51879.8828549021,183805.477219984,12452885.1749116,1139663.59894124,100334.969955069,164901.910489702,151992.892558834,63924.4964633791,2631094.66505582,120829.812370724,153151.020281821,195465.875885278,188874.598385598,4553324.45220817,193072.464020458,932014.638849663,188923.56962475,86531.42560238,1398054.98476408,128315.35277733,104502.331788301,183374.242677149,186958.127263585,136669.17266703,82831.4622974583,1329907.30952216,123588.358544241,86192.5321530823,147292.947483712,35473.5124513774,27058.4959201645,178727.232899421,125245.573264817,114913.837729064,153801.080752376,10191153.3375708,31560.777547517,57175.6227774559,134859.98780015,606346.952345487,127786.328410635,100670.32939777,67327.7522880619,526713.834015842,179871.159516992,192356.005521328,185571.893683418,833396.072927813,109264.38918676,60103.4556445584,196422.70253503,134110.026688566,308810.767129015,182051.465556428,179669.585326412,148402.094139166,94037.7058769919,146731.999766948,104671.846695471,131711.215961787,279970.185025778,106604.567078403,212397.773684741,122105.265723593,112120.529739086,1222300.31196404,190315.417539551,208986.368495329,81922.4735563908,93257.6735732134,2007264.56727919,288695.920644406,158422.807627198,120215.660291038,100292.923030804,149301.151981769,94519.799097595,28398.4169213149,98222.8580931217,197516.795337619
1563208.66302475,1170932.2766654,518130.433722489,1562527.01154862,1465823.12486763,1484907.09110936,1416502.97009139,0,881021.633493133,1507879.60854455,1591828.17539851,1526637.79870108,1159772.37818826,1344852.8624418,4734325.85548131,1274910.38792157,1604204.73692933,1555815.41205004,1530323.43172891,1536232.46591835,1365393.53302075,1596453.14260811,11038230.8582459,284427.954126552,1451931.10742157,1580863.36060747,1562968.8066492,1402429.8134578,1220006.04010212,1536459.59065428,1569609.21900935,1608517.40633628,1377985.51486818,3138846.8238129,1606407.83759086,484601.937354205,1600977.60485697,1495123.7809382,104745.208374118,1543349.68287994,1515554.08614629,1382195.64797746,1600986.77789379,1549289.64561055,1494879.12140484,108941.882508543,1536697.26924123,1489049.02008051,1563509.36949265,1422273.43281835,1424231.83369471,1593592.66723289,1539687.76508939,1529541.87367105,1568286.71729925,8776711.37552943,1402988.98811727,1376867.49183728,1551356.04642378,823446.136664263,1290606.99135409,1516512.07312773,1469514.19307144,890746.259470612,1593014.76497755,1605773.6893812,1599749.71012894,594378.256971262,1516639.07512005,1371886.34600266,1229443.10118178,1424711.65699202,1111684.27489825,1594923.19387481,1594446.67252545,1564532.08830564,1339339.72168957,1300096.94780269,1507141.5615996,1540516.08463421,1145836.87156671,1460819.7238122,1224855.53963465,1534851.47525517,1528136.95753421,217864.066309649,1376894.05726226,1219931.5916849,1495849.58832418,1469078.12858286,593503.451787652,1129835.18802606,1402346.59112476,1531873.65757886,1508615.27026223,1565802.99724244,1417785.73696314,1435857.39496751,1435284.79412993,1610319.01530756
683387.864280051,289978.413645327,363382.937197709,682735.033605145,595116.202348927,611454.701401494,536768.749811137,881021.633493133,0,626924.551890973,711132.668096723,647414.195036114,280805.601265642,2221727.93614993,5612602.50192618,394060.651136317,723309.80190891,675804.950079691,651573.222603589,655263.646766949,486321.368378139,715500.267149462,11916128.3045488,608560.96640287,581718.171490413,700430.85072316,681983.431025896,528474.123501356,2094333.9401062,657351.111184757,689538.330229523,727575.588864369,529369.123047031,4016587.45156964,725487.855677485,397807.781314948,719994.270095522,614178.323577496,861438.202479971,664529.050348405,637822.041031189,532069.302398343,720133.963367648,668401.700298547,614093.855277244,797873.098343368,655871.264885689,608029.340858371,683228.491475767,541337.50424826,543470.177673286,712863.117979539,661091.213699818,650840.253390777,687542.076362704,9654390.44601147,522168.3560886,500640.357303988,671524.236330816,140202.991486657,409989.354259027,636168.826959909,592708.512018851,10687.3894977053,712096.949220837,724861.123346082,718914.949991025,298617.95073424,635629.929945059,495595.730427807,348651.322280977,562123.51283933,241619.642992411,713984.66240461,713700.595997585,684202.63340954,458361.725251018,432276.848046134,631159.591251302,659505.506114676,265816.035509175,590930.662999389,360018.385167268,654001.641258596,648806.487959411,685731.769323728,528678.379224125,350763.828336774,615225.372103178,596258.79476275,1470654.59123309,255972.837976197,545717.740814634,650962.904216307,631443.692529331,685877.079657873,548258.156177821,557437.3230003,565745.109038593,729360.720311967
68769.732354474,337466.229744042,990257.0764201,68584.6754386895,139094.331032911,115953.645160091,98604.1265064816,1507879.60854455,626924.551890973,0,85445.3885456609,54413.0424799416,349753.663195191,2847874.39928206,6238720.34385346,234434.125520443,96475.9099702485,60087.9713566733,63221.3022808697,28377.7045104886,149595.724344504,88576.9355036347,12541906.4702516,1232853.99089478,145522.23457486,77270.7500588971,55169.8453347034,146146.802917173,2719902.92625239,60694.4475662896,71061.171187014,100653.14788639,261733.677128265,4642622.73997744,98592.2712296611,1023935.05491034,93136.5692016578,12784.8604353945,1486578.94278416,68526.488692007,73091.3314933847,255428.491679625,93462.6834277937,41758.4048881104,16661.5785812813,1422936.14088554,30167.4550804881,21335.2720247422,62950.8324634329,85613.2015560861,84292.7689530439,86916.6968336266,69647.9411758459,63618.5942324885,61873.6616740596,10280107.597204,105155.632302495,153007.142979844,59202.4036700081,702536.329264061,217648.336444298,27834.1562426122,89227.5121211567,617142.872358193,85212.2285379829,97981.2753359521,92328.6527912851,920962.996804213,11076.1610329373,156778.550369521,279772.309678442,193952.324686123,404976.476087031,87069.0833408644,87641.9805351939,63239.3090907225,169655.759867373,243854.956798143,92226.1688426836,33407.4586065588,364304.34558208,145455.87864464,310993.474021654,28012.337298788,53245.2312603759,1310840.33157122,263374.337696331,307388.21688095,20869.2728930886,123442.370817493,2097219.80269066,384169.971300751,225777.179894718,24274.4057506043,79162.0092222172,69576.6973145069,161930.849323146,92941.8517778451,154814.791579226,102440.24788828
38500.3009764489,422206.605734343,1074515.39887353,39425.8232106942,174378.376548463,147074.171369922,176781.12759244,1591828.17539851,711132.668096723,85445.3885456609,0,74697.8502775344,432559.763163433,2932535.70807244,6323416.10634383,319626.442345064,16483.8101560725,41718.2601939394,76027.7718150653,58222.1518522413,228638.893086035,16331.2184505191,12626714.4479606,1315894.42325392,185896.882619874,14688.7851548694,34703.9556016545,209107.16916893,2804713.22893881,67692.3333072082,29842.9584298081,22202.2365442685,305581.37266645,4727337.70775341,19416.7894474589,1107597.30147727,21217.6582416141,97869.4551133883,1571401.89075756,65565.2660586865,96263.6029805903,299050.51354506,12209.6605465458,43842.3348317609,97085.8075835521,1506084.1835732,55562.40351784,106048.01349033,31620.3625205678,170166.642231873,167664.701496087,2466.54764342203,70587.8421851255,77095.4745882338,23676.5289080972,10364928.8858245,188996.213931442,224864.993462408,47644.0187520468,783091.941075871,301225.4939402,76148.5126367358,139490.260629363,701257.598690566,12737.0202065357,18594.1278061947,10565.09914561,1005909.14155239,78605.0336427031,229336.922453018,364860.684979966,234550.565326589,485589.384688626,14663.1377346634,3495.36482019424,30090.2472038858,254898.105949197,314086.083348773,115709.25402244,56406.1379540311,449433.632157772,181599.397837534,385509.246332893,57577.743172091,72468.4006469548,1395643.95050434,307279.218299816,384143.092586925,95993.0160368623,161337.067123016,2181703.03380954,465426.539247455,268162.188895035,61197.6356473172,105847.303694437,34988.3674546162,213018.569607399,162284.059881654,200312.817673325,24584.8939985453
38171.3766955799,361386.610519867,1010401.54519227,37338.3400390642,102959.175501588,76148.6846191139,110813.658481874,1526637.79870108,647414.195036114,54413.0424799416,74697.8502775344,0,367021.138383455,2869012.60765791,6259825.24863887,262179.335321877,90830.1388726021,33007.1283184484,8831.10479507242,53613.1512436259,161269.646525716,86967.2207337618,12563452.475691,1249083.2921929,113227.089074963,60483.9524239071,65917.3509098599,134877.020851047,2741743.67299264,10193.967449253,46115.215102643,96457.1851511279,233393.014185254,4663868.01396876,93704.0639650893,1042066.43892594,92651.5375048711,59175.160285508,1508778.04898583,18245.8361038623,24580.546554499,226880.769409517,86637.5281060213,51597.0431448562,51376.4903463815,1439363.43835541,43770.1424603774,71521.7242558796,43125.7645580184,115120.626920921,109646.268423958,76991.8220098858,16897.0891651868,9216.30377289681,56819.4705607894,10301735.1874787,130516.583706221,152890.577349827,27220.7003172433,713656.650781227,238525.809237476,26603.440382833,64827.3272059275,637320.201876326,82428.5170282146,92877.3058202488,85024.0181814406,944204.139618962,58893.6018640712,157592.609584877,306170.364678049,162624.34094609,416930.232718731,84953.2991905897,78107.4087203253,44724.8557482357,199150.036112602,240598.934121304,46072.3082489597,60421.0112865335,390236.735824944,110090.199384203,313173.092963783,44684.3167716213,2428.30097660781,1333031.43712085,235085.439930818,312976.609762733,45666.6118018696,88727.3157527874,2117731.89425302,397561.36980841,196087.685707279,48068.3409312089,33776.4958924665,41352.0864607638,138661.908454274,91255.4293010976,126698.869846916,98809.500547561
403438.888248883,47599.3589456459,643410.728505492,402758.973363077,317074.970311497,331777.290293174,256731.703827883,1159772.37818826,280805.601265642,349753.663195191,432559.763163433,367021.138383455,0,2502030.47731531,5892817.20625315,127220.239729308,445459.613909172,396052.065128812,370973.211404569,378107.08459322,205766.777686406,438023.364455404,12196473.7960027,883348.654943179,304155.285756041,421276.231398035,404901.951598488,249050.838938403,2374888.77684933,376904.594762101,409854.783788534,449991.436858741,274760.84944946,4296877.32560299,447772.318127519,675295.002670549,442775.09056099,336978.830966678,1142197.48033586,383959.648820295,357025.241123726,275547.756205025,442090.921913397,390643.268373243,336010.257767438,1073526.78640599,377848.765434782,332005.425339797,403830.30660132,264448.491108727,265530.954633562,434388.379419713,380446.235035898,370223.226470595,409153.413650567,9934769.40325709,244620.558090575,220214.764653249,391585.130738482,355112.378739296,132379.755145886,356902.850469333,311967.736866877,270585.895639309,434399.022106741,447106.213513769,440798.387706656,578797.532885448,359094.114992666,215163.19494443,88486.7547437625,291165.007820821,65495.2408078552,436409.976452013,435275.316329632,404880.435775434,186126.744827433,161771.532699132,350534.915546833,382893.600049341,66562.1162544218,313469.204023755,105096.157210247,376090.690826516,368476.21956425,966515.138148309,274580.968672758,87750.557832837,336603.715250865,316982.01095761,1750714.96061141,42803.9396928701,281293.807324408,373385.405393441,350647.060299442,406031.414735875,271705.621597396,276701.288886907,288885.789705901,451890.150795512
2905112.41403575,2510415.74978938,1858619.87170369,2904457.63001761,2810405.85656879,2829167.53941689,2758463.21903536,1344852.8624418,2221727.93614993,2847874.39928206,2932535.70807244,2869012.60765791,2502030.47731531,0,3390891.0711805,2613730.80628846,2944349.96705571,2897530.96151725,2872997.8001865,2876119.17060203,2707788.86726998,2936355.55116789,9694443.94478823,1627711.25342396,2796545.34647962,2922046.81573903,2902716.13571664,2746513.21807462,133529.971855614,2878914.83556694,2911258.55274137,2948460.64379738,2722268.42944623,1794861.72775792,2946450.49981077,1828478.7767738,2940688.85871012,2835180.33239146,1361574.62054905,2885989.01712852,2858718.32393072,2726573.6963711,2941280.16055744,2889514.24734438,2835450.25718082,1439552.91639402,2877126.99919223,2828504.10288152,2904909.53382998,2762457.82452914,2764913.38952862,2934222.10585861,2882453.37780102,2872243.67710385,2908899.43004492,7432746.95375622,2743550.78947198,2720409.56917805,2893248.78220692,2168133.35818409,2631635.76637925,2857842.27860593,2812981.54579299,2231752.77970873,2933080.42428327,2945846.23482065,2940099.81821278,1927322.23607303,2856240.38122442,2715404.31567279,2568272.35901664,2769561.09967925,2455709.90122311,2934897.93436949,2935037.34497001,2905867.80473895,2678472.52311958,2644729.86355362,2850889.86998986,2880061.22939339,2483938.64549643,2805467.49530921,2569552.16470162,2875213.26857562,2870436.87894362,1537181.67930751,2721150.95242867,2564331.15751755,2836756.23961283,2813418.53673407,751628.955948291,2473407.68266882,2747055.02105303,2872032.71999876,2851991.90221812,2907605.01092641,2762424.12038318,2778651.10508979,2779937.869242,2950176.70983162
6295977.50936268,5901273.55419085,5249426.32881435,6295320.50025704,6200079.60041245,6219230.40868804,6149313.43150525,4734325.85548131,5612602.50192618,6238720.34385346,6323416.10634383,6259825.24863887,5892817.20625315,3390891.0711805,0,6004517.54051786,6335196.11386601,6288407.30107943,6263762.21282021,6266952.8885039,6098582.50047626,6327182.5144405,6303914.97734143,5015556.8523567,6186166.69954974,6312937.39524422,6293533.49879746,6136716.7318581,3519039.55962529,6269717.29094629,6302139.03279371,6339289.40090445,6108920.40976354,1596116.48226058,6337287.90065811,5218655.93068737,6331496.3780023,6226032.43901099,4752225.63792367,6276761.05850952,6249363.63350557,6113423.76888928,6332137.7977486,6280371.84329841,6226330.33266168,4826079.59694778,6267998.02649758,6219305.80122074,6295797.49531652,6153325.20979751,6155799.95344751,6325098.69974848,6273200.59764196,6263002.59280267,6299777.33178184,4042536.13039542,6134435.06991748,6110905.83050221,6284113.97565048,5556324.6921335,6022524.55972715,6248730.64027005,6203518.17962842,5622614.58124233,6323921.34482698,6336685.92886033,6330961.31255515,5317983.85495808,6247051.64079546,6105909.93352379,5959071.34451041,6158092.79483983,5845930.70213597,6325731.6775362,6325912.52362731,6296756.89394508,6069273.28789739,6034334.9277094,6241304.27313437,6270862.50775859,5874693.81586497,6195025.09851121,5959044.03023092,6266080.5524893,6261259.79484788,4927919.55193588,6107750.43290422,5954256.28543002,6227645.24026529,6203403.58799924,4142117.8213058,5863859.26505897,6134771.20393306,6262887.67534448,6242566.58370779,6298476.92305205,6152004.83862948,6169381.3236728,6169488.29439909,6340997.56257649
295358.072886506,104144.159428234,756906.203000327,294812.746250134,241365.167894006,247216.303011752,153558.753610796,1274910.38792157,394060.651136317,234434.125520443,319626.442345064,262179.335321877,127220.239729308,2613730.80628846,6004517.54051786,0,330840.38126495,287218.716839219,267858.581833087,262546.063882572,112467.058265301,322722.380211041,12307600.4450042,1001929.37133003,231490.286069575,310031.364601175,289048.139647984,173915.650685815,2485617.0634307,272266.459895677,300558.275350814,334834.193019489,255571.966439701,4408407.99426797,332875.559465695,791798.942172685,326988.349110428,221834.522719301,1252308.50974618,280214.795147769,258010.515449298,253281.980772108,327888.913261999,276178.40201631,222835.689991052,1191623.60678198,264065.328250404,214795.129080097,293558.920363695,149700.288417054,153367.181099037,321201.660742483,277603.424112475,267310.300456261,295955.333696031,10045792.8742522,132037.797288843,141188.648257047,283641.724452812,480665.3878498,39232.8268409606,246837.636109901,218744.564884809,384541.400893241,319535.78423922,332289.235914805,326760.684593537,686613.058271577,242556.361034199,136932.553635292,45491.4312466773,239208.640692755,191202.524437809,321301.395074453,321966.769579178,294340.036073601,64788.4216132329,143853.272513847,257371.298069702,266349.22002969,129880.862008582,240313.152936169,150633.099637896,262072.257630671,263158.275765527,1076598.2436828,256191.060855858,134210.663597331,224847.141541059,235665.723407035,1863315.05252684,168380.16461845,244528.326379861,258680.351230632,253788.620505004,297448.238751905,206478.501606078,179529.894554434,220431.701473116,336515.002183379
54981.1897181307,433939.151406726,1086666.44700455,55903.790453086,190857.679851678,163553.409124199,190579.878850789,1604204.73692933,723309.80190891,96475.9099702485,16483.8101560725,90830.1388726021,445459.613909172,2944349.96705571,6335196.11386601,330840.38126495,0,57955.242400292,92424.0958637917,68298.1663144329,242454.50449701,9139.0890237589,12638375.00675,1328780.3983164,202360.839277453,31172.3658155975,42115.8359127281,224830.514989695,2816373.02131232,84073.2851807795,46326.1260226041,5719.73889562913,322061.270809775,4739098.20409427,2946.15061771481,1120142.99256957,8904.96051879946,109177.361389379,1583049.50185997,82041.6959213176,112689.213977709,315530.823999901,4338.24947143449,54915.2103333397,109458.355746154,1518921.51688075,67612.8598695083,116221.402324571,47709.3111550808,181980.075000051,180057.066836403,14128.7150902633,87064.512892933,93492.0068994781,36871.1000467112,10376574.6595282,201231.557057074,239823.172393892,63933.7514568868,796876.891361109,313705.031799157,90382.8512038303,155531.127691212,713499.431443953,11343.6915271338,2206.73197240459,5966.0087209365,1017417.69593317,88438.5546289794,244223.528731256,376214.66857389,251029.973750935,499281.349937049,9944.12735274161,12990.0908509918,46107.3248913751,266053.276651367,329426.971873401,132188.375301798,64963.9593807598,460720.870382208,198078.715429618,400392.825473826,69393.5062031863,88566.9344626466,1407313.00322417,323758.688630922,398656.280843594,109042.290524221,177796.956345048,2193680.38821027,478913.23148959,284641.628777562,72349.6903064341,122280.295422054,51466.1277794193,229327.31071903,177207.634975431,216728.971735494,8113.40890939888
8711.93579840399,388237.316160921,1039060.32350897,8499.57598420307,133773.397836369,106536.423730774,139335.880041461,1555815.41205004,675804.950079691,60087.9713566733,41718.2601939394,33007.1283184484,396052.065128812,2897530.96151725,6288407.30107943,287218.716839219,57955.242400292,0,34697.0257711932,42548.5008824095,190788.290008737,54671.3484738997,12591910.8536888,1278933.61904609,144840.655738281,27499.8792911821,40551.4327754686,167725.230918804,2770023.28001125,26324.073091449,13866.2751141776,63620.0370061023,264847.034223566,4692388.64218334,60850.3674568191,1071344.10292186,60348.8340996384,70207.3050481685,1536851.60758594,26078.6138199736,55030.7380392986,258320.079386851,53732.9546269606,31932.4422549428,66056.6581896224,1469188.98282142,33511.4084257986,81187.5260953687,10378.6503799567,137841.416498902,133872.947881591,44028.4257346995,30877.022649726,35770.4587900689,26496.6315452306,10330161.425919,155260.633890462,184683.874481971,6046.13089932689,744569.806746066,266003.335720511,40425.0048067975,97827.8849868388,665803.845920783,50115.4017032191,60020.6682821799,52108.5525616083,971799.215637246,58328.0593626336,189280.010219039,331923.207898405,193864.243055821,447413.996503588,52648.4630911812,45147.2092904524,12078.6752121568,223079.011149328,273156.872296649,75308.8771806398,46460.0458864694,416382.609670991,140980.98873734,345250.337464083,35680.0018496725,30815.0325617277,1361083.09089869,266543.561645145,344531.520132729,62835.8651401308,120252.961807692,2146418.80950066,427676.325214818,227449.143312587,40594.7973951524,64646.8213458777,10234.272131881,171373.582569034,122398.690284065,158919.930265292,65986.7027351561
38000.3032798446,366321.505571774,1014380.36429885,37097.9793280458,99168.2886535547,71998.5313533211,115557.956739029,1530323.43172891,651573.222603589,63221.3022808697,76027.7718150653,8831.10479507242,370973.211404569,2872997.8001865,6263762.21282021,267858.581833087,92424.0958637917,34697.0257711932,0,61136.235810975,165254.114228823,89367.3978156701,12567440.4236462,1252409.77361308,110143.656138249,61457.8430733675,71112.2271358795,135564.608939856,2745842.31136358,8467.91248681942,46490.008016824,98121.3908289002,230170.049559333,4667839.44231643,95336.3959183967,1045727.27856322,95045.4239073846,67908.4293791764,1512999.35896444,13051.9372434823,20333.808102197,223644.321452976,88169.8380292686,57694.4240010554,59958.019554941,1442694.56433108,51085.7686414425,80261.109077201,45075.5229248162,121874.481811359,116022.891034979,78369.549321819,9751.55719321384,1133.09673337337,60270.0418825147,10305739.9657564,136620.562653483,155192.734679201,28664.4906833079,716337.54953359,243336.009302974,35420.8468899724,64949.2342972085,641437.507137069,84811.3289749585,94500.627049625,86532.1847358094,948672.653541037,67495.1282918148,159987.728950122,311558.723170016,159206.702882785,419998.311060125,87342.9585406742,79502.2109368767,46771.8410146864,205279.474202427,241746.829549073,41009.1318729,67697.9853071551,395419.200661434,106365.270324804,314930.395489617,52207.9893523327,10133.160446209,1337271.13791083,231866.269183643,315269.236840126,54101.6828624064,85556.2063998737,2121647.82671036,400878.338531202,192779.921542521,55888.9025340243,29951.0483781176,41433.1314659117,137083.657032817,94478.894627696,124308.33124516,100499.241271312
50278.9895046322,365735.474910357,1018583.4952982,50433.9392659658,152250.619418016,126750.480046393,125782.66231809,1536232.46591835,655263.646766949,28377.7045104886,58222.1518522413,53613.1512436259,378107.08459322,2876119.17060203,6266952.8885039,262546.063882572,68298.1663144329,42548.5008824095,61136.235810975,0,177219.015467615,60252.4541246832,12570105.9793637,1261229.91122921,160651.493746384,52074.8586033876,26797.080593112,169025.201696107,2748107.77335358,55241.8965091893,49636.8231352915,72347.0447070123,279578.746321414,4670851.40925375,70339.5389639555,1052306.07061574,64762.6092770104,41157.2524369504,1514786.18235868,60797.6388488884,77369.6672876316,273154.580047147,65438.5440387577,14646.0668826528,42976.0006756532,1451313.48372703,10212.4056088291,48024.0794403083,41251.8332847082,113980.651612008,112605.548988668,59487.7715508309,63830.787362667,61932.3914962481,35274.2419782407,10308303.378639,133525.408319151,178727.61059302,44415.625401858,730701.545033217,246024.050401167,34163.921788473,106087.436084733,645491.344141686,56990.7386475436,69748.8461468274,64378.3743619723,949136.474119512,20393.4227709485,182725.552056091,307931.086663599,210054.22203736,433107.232748928,58783.6561669035,60123.3311134762,40931.0283590805,197759.154985946,269522.460268512,98656.9173389508,7375.88207528114,392426.908484184,159094.674808676,337877.239856858,8937.44222397407,51534.5572640247,1339055.23221257,281249.33401553,334768.205346586,44374.1624658959,137033.695072656,2125504.19760382,412380.911203462,242844.183514152,6563.10976863352,85658.3579767503,49835.3481237506,181074.157477845,117172.857494869,171929.462404106,74101.9131009782
197958.631791182,202911.265124854,849170.05621436,197256.477051692,129190.965015559,135079.931310569,51879.8828549021,1365393.53302075,486321.368378139,149595.724344504,228638.893086035,161269.646525716,205766.777686406,2707788.86726998,6098582.50047626,112467.058265301,242454.50449701,190788.290008737,165254.114228823,177219.015467615,0,235637.511877252,12402232.4030169,1088161.70651336,120010.621766128,216643.30600679,203616.56560671,64134.5878551371,2580594.29363065,171138.600653815,204629.311984112,247325.565081903,173229.946794127,4502638.92339296,244940.37819919,880838.369863783,240724.965730965,137194.878680678,1347752.75697702,178221.649746292,151987.150484016,168912.796668017,238837.598858597,188426.485704844,134253.764662516,1278423.51057586,175364.175635398,135265.067725994,198965.680306951,71478.7816758816,68151.6128615688,230593.468069239,174773.82402026,164520.154857994,205680.792850507,10140523.8525695,52654.8636018536,33690.9992019008,186133.868009281,554470.069714851,80580.0415039865,152505.820256322,108833.369579349,476183.821278376,231724.599431979,244225.673838626,237451.650752229,783599.044918936,159980.643314257,31450.247181671,151619.259512673,136103.948681094,256953.729944854,233893.785465796,231539.568758713,200108.771776896,66726.1038927885,102626.70816281,147900.26806221,182923.253458,233094.529080487,128561.396263897,162519.743361656,173838.529526076,162746.971340269,1172029.90508073,174375.14760165,157890.447675722,133676.117711292,123206.942707224,1956479.73870566,236943.61011558,150668.393307745,171802.478384567,146281.429445299,200647.282826151,98900.704271074,71385.7249634021,110581.096221421,249367.753261504
53025.6999637407,425984.011169844,1078828.69580151,53938.3950735752,188382.601654576,161112.692393673,183805.477219984,1596453.14260811,715500.267149462,88576.9355036347,16331.2184505191,86967.2207337618,438023.364455404,2936355.55116789,6327182.5144405,322722.380211041,9139.0890237589,54671.3484738997,89367.3978156701,60252.4541246832,235637.511877252,0,12630313.9327763,1321274.98663233,199510.234429206,29795.9706529046,33698.8711493687,219877.256375778,2808321.01403965,80974.0129206422,44508.6792902658,12118.8558231844,319502.521294243,4731078.96065328,10398.26846902,1112478.35058567,5736.80827410314,101329.44167819,1575002.66131353,79845.1135454205,109700.862954317,312974.144061624,8882.61832684521,47411.4646383032,102067.058849721,1511387.59319831,60352.9404502921,107967.976440566,44293.4329931613,174180.155754095,172512.689817463,14414.0470158804,84839.4528791954,90441.1547587711,31043.9899199685,10368508.7656867,193590.466651711,233931.101084137,60704.8778198135,789908.243263884,306101.457998563,84228.0608862935,151229.407583802,705718.336072959,4614.44723315715,10003.7082946872,9320.25058344805,1009332.08676366,80181.3959522385,238256.891585414,368132.763405401,248505.799786307,492286.91928684,2059.85418821804,13507.4778362695,42597.0898717057,257941.744988566,323891.225519531,129804.968533478,56514.2130340363,452598.535523013,195596.149337869,394346.069115377,62007.8730235112,84637.7523128384,1399276.98358183,321199.72493216,392278.78173849,102004.332747179,174921.714568706,2185754.13860769,471795.404910121,282099.143874188,64653.8419618949,119317.474407618,49564.5935983394,225617.061695751,171355.120762347,213494.838794237,13874.1168799697
