"synthesized12","010502088801503167","010202088800802063","010502088800201004","010502088800712138","synthesized15","010502088800712073","010502088800712100","010502088801503021","synthesized29","010502088800201099","010502088800712002","010502088800712054","010202088800802033","010502088801503112","010502088800712064","010202088800802048","synthesized22","synthesized23","010502088801503130","010202088800802002","010502088801503015","010102088801403136","010102088801403001","synthesized38","010202088800802120","010502088800201078","synthesized1","synthesized14","010202088800802078","synthesized2","010502088801503076","010202088800802017","010102088801403036","synthesized9","010502088800201027","010502088800712035","010202088800802028","synthesized6","synthesized40","synthesized10","synthesized35","010202088800802108","synthesized5","010502088801503026","synthesized20","010102088801403106","010102088801403016","synthesized4","synthesized25","synthesized30","synthesized27","synthesized13","010502088800201205","010502088801503002","010502088800712082","synthesized41","synthesized28","synthesized36","010502088800201120","synthesized18","010202088800802124","010502088800201022","010102088801403061","010502088800201057","010502088800712091","synthesized11","010502088801503094","010102088801403091","synthesized21","synthesized8","010102088801403026","010102088801403121","010102088801403031","synthesized3","010502088800201163","010502088800712110","synthesized39","synthesized24","synthesized26","synthesized31","010502088800712020","synthesized16","synthesized19","synthesized37","010502088800201142","010502088801503040","010502088800201184","010502088801503058","synthesized33","synthesized32","010502088801503148","010102088801403046","synthesized7","010202088800802139","synthesized34","010502088800712040","synthesized17","010102088801403011","010502088800201041"
0,804111.304302461,14543.8362059936,23613.9447129746,22576.7356861297,98890.410472003,84111.8784505256,58019.5158649256,629707.349241747,122056.461138594,324018.564219456,29027.9309149429,558732.750158465,160250.773587102,246534.10882673,108061.977003338,20397.2372660094,74414.4753051003,104531.982041882,52449.2525754971,88906.2880940648,23885.9281049203,28295.7391442139,20269.4207037363,300099.471281912,93402.8455258315,27670.2804464222,58209.7724543945,160911.824284206,4384194.69188156,68933.7509674132,251039.917722634,16880.0900466308,260311.49268496,87348.2126050919,90931.733952918,92306.7151172471,65770.8911330832,110524.910759436,114117.464133168,55937.4507006185,56472.6871633272,41089.9177024224,361060.420896038,70935.3432281175,26353.0337372956,52485.7696569461,828440.798474714,82372.1629473972,88497.9489287568,32620.9132163736,220935.059889787,50282.3133464334,90125.0079490346,81421.8221864955,50740.2092727437,68137.9476095161,316148.312983982,57541.2106133476,375565.955934697,53187.4945831921,74621.1377488992,20850.5875576296,56071.433608112,116582.166357251,31251.3544896574,13217.1537881661,1269539.04928807,232330.588517924,76016.3666156414,89948.5763289411,36928.5830460788,99892.821004954,201883.350475766,22551.1143252406,70881.1335516333,143466.456503988,59246.2767891336,83413.0038688596,115453.608418439,8812.82267243394,61314.0918071482,57136.6346549846,53570.2987964083,67152.0584383399,1093531.5786517,556042.118743784,70465.5685510526,6128.04470127677,532744.53925181,63897.0020122947,98175.6565723127,328524.730034682,204590.72254052,88384.0066980836,137541.331746224,64235.3458017776,211190.131728868,31594.0106810267,8417.28421078171
804111.304302461,0,798366.437499104,827142.228756936,791550.880353939,885696.905153778,875136.222607946,800483.554881692,209105.991365715,711394.940088164,485627.142155504,785969.490470747,317030.4486735,668701.645341803,562793.28374871,896005.706410334,821144.063832283,807664.88912819,896870.697117965,779177.590936267,867233.546562471,827374.773230912,827778.175782808,793598.143812299,504111.376398525,887254.243078951,787123.368057354,857035.598182786,685709.063930874,3602072.73178233,743023.280301547,571804.133016929,812109.209310116,557870.191256418,732848.878213364,749703.686076907,877430.751119885,862544.922541236,902057.213566027,905170.437294421,817266.016985471,847646.320842789,763446.64724699,457628.405405975,846316.528899289,787397.198259495,802344.641424762,235564.77686283,873821.217879325,758080.760188859,782920.896757679,626590.843127334,817115.412487557,884433.307053492,867955.665497501,850640.568131316,828033.485798811,495397.604139285,752189.622698319,480975.459571431,824029.155955785,738400.342958298,786855.703928982,833282.35665562,907310.347338575,791684.47264912,791035.054426324,480787.868911125,598709.166023857,754440.426694868,875447.783329134,779323.588831595,888931.708010546,625214.347631369,791573.469313432,746191.592785118,665613.230631338,819232.866541193,741634.097206581,906329.095185353,806875.227704492,759330.131847927,856120.66736479,853056.11251292,864698.072213883,355363.73703573,248072.461627256,846577.916865422,799103.083206642,273169.30977074,821510.355080502,887444.490116088,510953.413821471,634411.636205081,882729.178522779,670401.268185469,756973.956159613,602987.923602455,783785.592006345,809117.679777175
14543.8362059936,798366.437499104,0,34343.644515787,8740.25788124334,111733.411031691,96717.6684910839,71046.8170011742,626237.991032927,109509.664740168,320431.106888855,15550.0045885868,557268.892244093,148913.352470109,243451.509028072,120576.694199888,33576.9469960511,87929.7661108734,116457.590428366,62159.2611482974,102745.051177632,34630.0678037771,41297.7142820411,6229.21905321323,294274.432906688,105287.342661901,14124.4195798839,69866.0572972714,165235.228825876,4381295.01245847,58508.3358657025,241484.409767906,31404.641351122,258662.568402707,75531.1746606508,98362.973455062,105483.045387577,77758.7094076451,122468.766417169,126071.336201744,70224.5800136118,69886.7028713224,35646.6395867464,358435.197398084,85265.7469962403,35270.3095137576,65725.2444886053,826734.258444339,94955.2157763881,97028.0478240352,19275.8051422141,223375.812791934,64637.6443517243,101996.330184917,94695.2222197607,62306.9729830224,82627.5065220412,312944.342642756,47658.5608431031,375638.611846917,67709.9431020509,64024.7572773246,11621.5440000198,70553.6252696519,128542.761612713,42353.5864051891,16736.659772052,1265386.96849911,232775.122334534,82868.4753884111,103136.709955305,23720.4838335551,112425.998839905,191357.751752967,8712.81524329611,59140.0756371368,141662.040711278,73574.8033281442,70734.1212431284,127411.041606585,10065.0291611323,48481.9860967764,68782.2677674038,65172.3401360938,78889.6232569813,1090820.31876417,550369.808614138,84773.6244122869,10061.207916432,526419.321648631,78255.4275742902,110712.751444643,328134.797315909,193112.363920773,100290.688039424,135422.011029758,51430.1620827518,209549.245543018,18211.2457061109,12689.4655558708
23613.9447129746,827142.228756936,34343.644515787,0,43037.3418834108,77788.4788924046,62645.0843777054,59802.7166839556,651625.638013163,143846.846770441,346145.929987571,49867.418550832,579270.195909644,183046.455707274,268460.140650464,86390.5244859176,8577.09173379875,72818.8636023607,82118.10433909,63536.4586917676,70579.596936524,782.538908198938,10476.1762086649,40534.1659455414,323250.471350621,70951.6490522284,48449.363152217,35528.4180910546,176574.202079934,4405591.52924773,92060.3902826737,274548.882989908,17965.0549863617,281274.549737557,109773.015561311,103629.574689654,71931.3903178563,43469.4694718236,88129.2258666106,91731.7700714396,50855.7987998395,37275.2295446949,64647.9467564073,382567.481572692,55870.8989239874,42662.1190828484,54023.3595752315,849083.378740984,60873.9006022779,99480.3957973196,53604.8007847936,238355.084064272,45135.6942299126,67658.6726607554,61372.2988575247,27966.694897568,59426.5540788161,338060.304004103,80806.9206027023,394945.650216719,44850.0740990439,97696.40490694,43736.8778879732,43694.0209027802,94202.4320106281,42766.1657228466,36270.6252639014,1291784.07788432,251672.131547724,90155.2095166209,69616.3162213302,58038.2150713658,78263.8753327646,225099.911717894,43009.7618259276,93336.1797221673,164909.32089676,53427.0955240443,105068.320959782,93071.4774979445,24439.8619093785,82817.4166271949,34440.9148051559,30841.0785691959,44551.1886342818,1114879.8429013,579071.761923199,55217.0388087541,29349.5676477253,556000.973639781,57366.826000247,76557.5575900516,348377.761212027,227310.063417857,65954.6192813587,159210.935992426,85764.2708994007,232261.767854877,52541.9086075314,21695.1856189513
22576.7356861297,791550.880353939,8740.25788124334,43037.3418834108,0,120436.12240793,105422.718791796,76674.3125316722,620437.487835236,100813.867229442,314678.967711971,6831.29650814397,552455.080265388,140394.661047677,238011.592006716,129288.318176583,42176.833178232,93898.5815989467,125145.979319897,65404.7928029516,111273.25056028,43309.9057186636,49936.0593141854,2729.35545157,287534.181104744,113970.085972206,5429.24194190121,78552.0070950865,164066.611382931,4375666.3997067,50422.0181555743,233393.405787273,39384.8999836134,253920.519449817,66963.2664052458,99582.7592763249,114156.792192901,86450.7519546723,131157.327094286,134759.982803132,77228.8484634739,78509.1592505287,30731.0111980398,353122.4357672,93496.400376683,38990.8599734658,71570.2582493352,821753.000315857,103660.556826547,98999.8069814745,10578.9580555174,220928.896534717,71786.2339157081,110681.527065348,103348.419554363,71003.8707226655,90030.4143044469,307378.678890925,39897.6779776085,371696.350454417,75267.0014174292,55845.4767002877,8384.84904234038,78582.3512705836,137235.497481015,47036.3900146036,20367.962213595,1259225.31979127,229181.76478392,83889.0326800462,111808.610254432,15001.2684631653,121137.62829293,183012.607839816,71.4756028494905,50631.4443504887,137096.337205205,80636.4495680215,62032.5569983849,136099.738112601,18649.3562987509,39787.1562994048,77475.4601954831,73853.657686488,87576.3021107921,1085328.5379754,543614.110653832,93032.3648225406,17117.2951593859,519400.922306267,85356.6434411816,119419.703525274,323981.394912585,184548.197496146,108981.026275633,130721.615757738,42730.0297626846,204884.765666735,9538.99504468703,21348.3222020649
98890.410472003,885696.905153778,111733.411031691,77788.4788924046,120436.12240793,0,15282.845489525,85375.0338608852,702401.300104844,220931.824699127,400528.719835235,127229.582678309,622553.413684953,258655.836111583,322963.164105318,10331.4360336707,78536.9226289584,81080.8981209718,14029.1217422112,106723.274491766,19995.7549014211,77517.035858246,70666.2569191483,117950.548242159,385142.40695395,14229.3169709103,125821.332074764,43172.883880243,209627.303874387,4450333.60295672,167216.73208863,346532.570731159,84028.8589955086,330518.956920295,186178.847442237,137845.734276103,8280.61672635776,35025.6664655189,17261.6403329859,19829.7860663583,68438.2363979113,42819.7538773919,136458.29988933,432903.64282125,39466.1032385851,103989.125766632,83358.8001985706,891640.666921327,17050.9097838097,130058.315201759,130950.658728257,273913.529980013,68790.7797096356,15820.1883067241,18456.5134763395,50428.7455628358,58568.4084646495,391280.75426836,155671.453142364,434489.612872214,61855.5881286203,172945.002637178,119720.016723097,52833.0628931549,21751.3245521246,97379.0454104573,108765.264956578,1343340.46612379,294436.368233656,131406.181122559,10281.2292414657,135358.020094354,4681.64569418578,299248.46626166,120408.689137905,169727.78555331,220388.728334935,66571.1881998555,182232.083434321,20863.0495768634,101936.590045495,160046.988127406,44198.3004918624,47683.683881322,34669.5353482384,1160837.77732665,638297.238696501,39154.8841866928,104919.278055131,617532.932243307,64692.0678438158,4647.33092004325,390919.029108545,303023.142846627,16468.562987277,215981.74349945,162983.313924455,283362.773421153,129893.75932164,99238.0444440161
84111.8784505256,875136.222607946,96717.6684910839,62645.0843777054,105422.718791796,15282.845489525,0,76268.5719795242,693361.359370558,206059.477949237,390458.990616981,112231.581347264,614957.472351672,244165.016970091,312701.460301163,23967.7847144398,63724.9094790464,74850.7962486898,21900.5635857735,96034.2790065019,20165.6629733729,62364.7957583806,55835.7646178983,102938.676963904,373576.408029773,12493.3629330746,110822.449007135,27909.2669521226,202698.380026963,4442920.66145157,152718.26028061,332889.808428446,69708.8657621034,321275.568850285,171452.37116475,129581.942025024,11697.7017752019,19757.5298876962,27518.1926364371,30955.8818269225,58963.1184306761,28846.7456944906,122386.080275485,423679.988289322,31723.859905707,90791.1017288724,73437.7128028202,884364.066624662,1775.13096488994,122216.325976807,115962.652192063,267008.348662148,58263.5548581932,10389.2231756478,9297.46177992083,35183.2288467735,51517.5670603094,381419.314786773,141199.604214639,427368.690554025,51445.7428781887,158439.880317057,104956.465230808,42060.5289295961,33344.3160398057,84754.2777655763,94377.0164647224,1334342.28425089,286283.178140395,121805.575299249,10185.0682309081,120374.869677845,15805.7798550196,285108.237315257,105395.199265528,154991.160661609,209532.062118983,57700.5046082476,167320.407491123,32243.4457624794,86868.483860525,145109.387663523,28946.1770002715,32408.0323337133,19542.6684378207,1152958.93890925,627497.089240002,31159.6715439302,90138.5715433576,606244.65615854,56762.7389462601,14069.6077796095,383122.41108321,288528.78564002,9136.37355907047,204874.267227625,148048.251937156,273608.37484153,114905.838877731,84166.3114765336
58019.5158649256,800483.554881692,71046.8170011742,59802.7166839556,76674.3125316722,85375.0338608852,76268.5719795242,0,617294.000257931,160526.637578435,315193.615071937,81145.9246403786,538842.165535336,190927.114567581,237699.866159861,95636.4139448301,51691.5195996474,17817.0705589825,97296.0527561611,24022.3979706173,66810.2129335176,59801.4049531142,51254.8989714877,75103.4381450431,301154.973370577,88745.9752085317,80183.7706436079,66863.6826389147,127444.965758496,4366810.13717838,104671.706087152,270014.953566241,44906.6677129656,245280.075970904,125413.551551416,53519.2971094907,77096.3821856498,68943.8011766205,102114.060318172,105060.506600574,17422.4185882063,52752.5730646041,72476.46037992,347683.695776147,45956.9612287361,39237.2589634159,6203.11891814702,808352.434245412,75222.3213324759,46578.0663731329,83721.4386075368,191528.143105367,19411.5470696751,86328.3376312735,68209.0532461618,63766.2384712505,28026.1834812324,305925.855573939,94065.0055115557,351540.599042284,25397.0721416154,109933.277877984,70283.6238721081,34677.6181854369,107094.328579575,30238.1595991347,56476.1217585624,1258266.88971304,210074.453039378,46096.0656119068,75200.5495914473,86904.8816971033,88844.4375829606,226977.467327811,76657.0153921127,110718.717923165,135754.155243805,18923.6643956901,125352.773589289,106166.561301512,66573.7604000423,106295.957826922,66361.0183475849,64882.0202401098,71409.3719773762,1076751.84052595,553251.423950101,46237.8256119019,61123.1667254864,532960.264590066,21332.6330629332,87459.6712153674,306976.088283737,234250.760417129,84762.7258610787,131724.532086023,108753.643506589,198005.725183857,82971.8283274498,65383.8095647422
629707.349241747,209105.991365715,626237.991032927,651625.638013163,620437.487835236,702401.300104844,693361.359370558,617294.000257931,0,553622.985532456,305808.631262257,615617.972460013,108436.902157015,513923.177182581,383192.210240142,712541.457759867,644760.839068296,622151.54995612,714561.368407977,597836.020037257,683107.623203827,651831.66345445,650666.122642226,622210.798557224,338979.281038569,705762.571664934,616612.653447494,678346.74980137,495650.177304887,3755397.67949992,575167.303759834,424403.012474356,635252.57530993,372101.228858446,568706.023822693,564601.924080312,694141.993471492,682951.817288596,719320.650375876,722181.88690509,634490.404476321,667319.344822342,590609.273418108,269736.4608723,663031.825635653,609941.807114649,619925.004637188,218486.829892678,692216.117426049,572556.315708059,612994.507202836,433376.48529114,635168.52624762,703187.852560809,685462.926120814,672594.796014333,643890.538563448,313577.23867788,582851.911844174,279089.933187981,641935.058292225,571277.10512708,614628.962640099,651339.345286147,724150.592187712,612894.88555887,616515.340215776,640981.708581125,408785.977041355,571560.562592643,692340.963273748,609907.156148194,706041.161450191,474268.880767376,620457.034153079,579901.80117576,486795.873838763,636035.309334167,578160.678331704,723247.60122024,633773.799926493,592922.67513945,677522.77350028,674765.129255867,685262.831940183,466317.918544789,120172.448149418,663399.178785284,625312.28068472,155452.194935638,637715.120072812,704676.678602676,314992.69838868,487824.428066684,701560.219247423,492416.226514677,590941.706814746,420255.495256193,613738.084198928,635737.321494287
122056.461138594,711394.940088164,109509.664740168,143846.846770441,100813.867229442,220931.824699127,206059.477949237,160526.637578435,553622.985532456,0,254573.422493494,93982.9568342504,498606.866964462,43486.5052748726,187137.802618288,229982.219026531,142397.128609722,177632.328362192,225959.811153727,139081.816036747,210284.23153318,144123.748029502,150275.111411476,103318.385639694,214645.922223701,214782.826525691,95397.7198839334,179365.859665756,177317.197357606,4306426.67678636,56066.1122241909,141411.591295881,137584.356374798,211371.189046272,35511.9237137159,149972.162812123,214338.712767047,187247.492132905,231971.16100006,235573.826186375,168466.878093275,178466.842995304,88696.4158306177,297394.569399331,190816.779109736,123767.112030553,157442.517165133,763409.954117853,204307.213087527,155170.232696219,90242.2154617433,211093.060360005,164176.289265635,211495.074901999,203427.389940976,171812.74417689,182542.40792705,250178.908283751,67256.9063732019,333020.963170898,169484.855794393,50640.0896646831,101266.891990199,175128.467874488,238048.512197215,132716.405345551,113170.15731443,1185563.21892134,204176.555804732,137782.001800686,211978.967628565,85817.9232660069,221818.7318611,88050.8878754712,100841.460199695,51575.3743380538,116701.968927677,171904.378879726,38784.1504278409,236913.571009577,119451.103400082,61029.498101873,178287.356374712,174666.991673525,188390.123566071,1019859.5427808,465568.912085089,190497.683816809,116040.616337268,438255.183950301,176486.936140211,220098.883698303,284663.983392335,85437.9701442228,209794.365145332,110620.395329679,58083.8517329438,168641.22413428,91306.0475508211,122162.144863976
324018.564219456,485627.142155504,320431.106888855,346145.929987571,314678.967711971,400528.719835235,390458.990616981,315193.615071937,305808.631262257,254573.422493494,0,309939.543824084,244048.349292853,219343.147502386,77904.3066952891,410807.850161626,339456.733189017,322044.331425771,412036.535085701,294438.996870468,381837.547852337,346357.88231137,345570.960100217,316432.351682784,56234.790339325,402717.775387975,310914.051035403,373861.163838207,202270.901715929,4061001.72096202,270173.010936961,151024.832241203,330048.024457997,73986.3616466752,265243.940074116,264078.339315229,392250.827708232,378864.518389337,417086.389547627,420124.952141349,332121.049748058,363546.572214601,284800.886401515,44054.697616357,361084.804052851,304844.796843082,317276.459697535,509955.172397662,389208.797024373,272454.957929566,307376.785271938,149462.916893116,332242.960687367,399994.609290197,383002.397701106,367853.296973607,342581.104457676,11561.2214661628,277438.345569302,103107.037704499,339119.983270927,266547.226633123,308823.302540615,348448.979620056,422216.344391896,308275.021008042,310822.285691297,945645.635811676,117793.487521573,269130.074857913,390315.943954441,304378.94388142,403888.410817501,187434.868899793,314698.27325027,275390.128739785,181740.268548699,333974.771632528,274890.262828305,421257.185739871,327985.346371576,288256.625938376,372998.987068736,370118.567868897,381108.742040546,770876.029001246,239677.520933714,361374.786855426,319559.158325776,223291.178424695,336116.350184914,402437.606149598,72458.7382518052,205328.906250801,398319.650329315,187100.304374578,286424.130821427,117371.592298516,308101.664902755,329963.940403724
29027.9309149429,785969.490470747,15550.0045885868,49867.418550832,6831.29650814397,127229.582678309,112231.581347264,81145.9246403786,615617.972460013,93982.9568342504,309939.543824084,0,548388.268896816,133646.016756392,233542.291361876,136105.480414732,48890.492316053,98567.3373283925,131976.880000094,68239.5326731929,117885.51214987,50140.8201591191,56681.6127102953,9394.44923776415,282052.809598157,120800.854894057,1461.93422493814,85382.9632812077,163040.996985319,4370936.08369024,44058.0629370335,226924.078374711,45680.3043566821,249984.369901863,60197.2808481371,100631.930079993,120911.744773425,93279.3184710025,137988.225700982,141590.896182879,82711.6424054792,85218.3843007889,27775.3769977982,348707.786837072,99871.9536803283,42581.9011719121,76241.8530473505,817538.722365077,110470.50927052,100629.691422081,3759.60690419192,218814.227155205,77384.9335052578,117512.390030961,110087.204861488,77834.0528810291,95771.029782934,302784.955584387,33889.2672688453,368333.321105661,81151.8564155977,49387.9202324939,10881.360936542,84811.0411509582,144066.303181781,51127.0964544937,24749.9520675152,1254114.85166701,226159.365160362,84881.3758925201,118561.464898742,8174.31502001649,127952.932940952,176373.199175302,6858.58568506326,43910.0206769131,133426.752231193,86150.9270575433,55201.8226802127,142930.633032052,25476.4913654967,32956.6446903454,84306.1039037753,80684.5117335628,94407.1988168797,1080720.76785963,538086.97592971,99425.6924109114,23314.1287764194,513682.691600627,90887.7952742261,126234.720759039,320469.180132955,177772.219459891,115811.868572658,126954.47947557,35899.1638873356,201043.47766463,2778.72539133499,28179.2755054962
558732.750158465,317030.4486735,557268.892244093,579270.195909644,552455.080265388,622553.413684953,614957.472351672,538842.165535336,108436.902157015,498606.866964462,244048.349292853,548388.268896816,0,462897.525090192,315827.379984948,632415.324577061,571796.557524182,541502.222441077,635407.467032128,521425.151131874,602792.746940147,579450.742997074,576967.785430952,553955.911673458,289800.874575567,627430.397260991,549225.278170875,602823.327872991,413057.084837733,3827970.92312547,511088.642446749,384351.617246378,562062.473786389,298607.414731419,507940.09943552,485389.932243883,614410.847527098,606582.340522108,639737.626217318,642345.707851516,556116.873092883,590562.121959519,521864.244658258,201545.22186115,583750.294211257,536740.755820246,542124.108089624,269843.188212294,613975.356378233,492784.008607925,546183.779230748,348977.066499667,557521.852792423,625102.371439748,606548.103970987,597713.421850799,564136.905317893,248732.060693003,517303.235949213,188740.668197617,564042.852977524,507930.509896633,545836.844588812,573425.833559202,644141.538582422,538460.888336484,545722.724429949,726966.052946107,328932.187784842,494284.004820046,612793.237859276,543600.053018118,626496.767548658,428277.54786375,552471.621625931,517007.773726077,415628.683804343,557258.033271175,517664.486661405,643318.040887089,563822.677567149,529567.987417088,602089.469817108,599640.303630843,608991.981944495,538465.647510877,166028.932234677,584204.956492781,554954.516267308,190946.569859771,558373.603584708,625257.597614482,231877.543925917,444660.556084041,623562.789512824,421849.543828613,527954.236291478,347733.876185055,546807.369765198,565508.347295362
160250.773587102,668701.645341803,148913.352470109,183046.455707274,140394.661047677,258655.836111583,244165.016970091,190927.114567581,513923.177182581,43486.5052748726,219343.147502386,133646.016756392,462897.525090192,0,158237.069130549,268106.22444784,180578.440674746,207031.169237946,264781.187627086,167823.64199026,246397.941424714,183324.796706706,188451.594136987,142863.832437938,175520.254886777,253643.560242701,135040.899692044,218368.600499317,178931.869141351,4265084.28108571,91450.4397587415,97981.7088730337,174633.086817957,184976.130289051,73460.6162905063,169583.054795773,251624.377824885,226005.778576048,270773.673374857,274365.4305172,201307.37925747,215854.152787025,122815.204259623,262988.118001645,226014.175828159,157381.864220089,188765.979318674,725500.550171678,242446.722393645,176264.931442225,129951.712220691,199555.199446781,197674.096175846,250366.557708088,240678.327080034,210847.99525328,215420.724458439,216174.412377271,102985.938635939,304487.747367219,203588.654734962,85726.5291326479,139480.582807256,210225.322541586,276830.708055274,165748.270093991,149898.809381866,1143731.56358911,186214.96097191,160212.605652291,249268.715580582,125592.891550975,259946.695329423,44570.6728382937,140421.939895477,89775.267975717,112059.025325603,204617.738501525,79630.922977201,275701.190912201,158846.043116097,101241.531859053,217292.501772056,213693.582813263,227351.948928672,979821.115371294,423488.920179471,225791.047831585,154245.511120331,395659.909252645,208962.545325193,258229.944362901,256963.358227505,44373.4788013245,248630.254202688,107593.152814328,98366.1315447099,148154.593186992,130998.748965463,161530.425267438
246534.10882673,562793.28374871,243451.509028072,268460.140650464,238011.592006716,322963.164105318,312701.460301163,237699.866159861,383192.210240142,187137.802618288,77904.3066952891,233542.291361876,315827.379984948,158237.069130549,0,333261.0988582,261682.183315135,245149.453383094,334330.27042334,216667.447966157,304440.431949381,268669.605885044,267733.351433634,239673.415865936,74748.7607259921,324931.2635567,234457.288011033,295959.268254667,130776.076992762,4137871.07592459,195282.126395097,122315.269000593,252235.425426444,29065.8734845845,192570.940736561,187312.529250983,314690.777362955,300971.444698648,339430.673238148,342501.56358654,254531.079902376,285679.753508396,207812.230438235,115182.705020886,283553.737068478,226997.928025082,239641.454656246,584267.304704074,311434.712284441,195808.132365152,231142.409208737,91520.7459050652,254527.595820899,322187.038724776,305332.305030156,289962.726477125,265249.385477153,69619.7344774604,201751.26560679,146448.915163777,261420.231510267,192105.304078437,231874.637647066,270725.002533098,344615.203111447,230373.857982005,233348.228451928,1023426.66615862,59447.6680624931,191649.240167137,312728.652992217,228354.466234899,326260.038473061,137573.264993683,238029.877287213,201196.476824283,103853.558137814,256458.629725539,202326.481344017,343646.185516454,250749.01667963,213741.339393391,295097.040508107,292223.241808278,303211.05430168,847370.798388931,315844.971694906,283824.028897966,242203.660546721,297043.616522272,258718.966677847,324793.847307668,98727.1679512702,157433.525696218,320505.700873963,109289.663462802,212132.375880688,41474.7122466944,231819.223654076,252661.05214818
108061.977003338,896005.706410334,120576.694199888,86390.5244859176,129288.318176583,10331.4360336707,23967.7847144398,95636.4139448301,712541.457759867,229982.219026531,410807.850161626,136105.480414732,632415.324577061,268106.22444784,333261.0988582,0,87680.9764766536,90920.1533039711,9255.27173658411,117054.187193412,29622.6519408547,86116.173407929,79794.9706505853,126793.480355956,395467.121516852,17282.9778991337,134692.657365207,51158.3396998882,219416.84817721,4460115.31759192,176656.499901487,356475.551265728,93579.4942281699,340709.865220542,195408.075816771,147950.918471173,18576.5194132056,43062.285745984,8676.57099162203,10183.4205535118,78742.8250985493,52493.5097658916,146177.674507811,443083.306909415,49728.6320614623,114036.621888125,93674.5271203867,901413.590652946,25703.4667689016,140101.733143174,139838.572240651,283667.067218145,79121.7399858168,20186.2281954984,28640.4890354326,58621.928050988,68654.862948269,401540.464616923,165131.635061161,444257.175774691,72186.5235481565,182379.718019597,128909.766038297,63150.9207172933,11734.9808048297,107554.809139626,118283.472649264,1353464.13535465,304454.75347206,141679.128011097,20612.0370264895,144258.885770418,8169.48133217781,308946.762177862,129260.761996404,178943.058782639,230717.817247761,76837.6145837801,191232.780910089,10995.0726699565,110706.612286533,169008.181743771,52218.829421269,55804.9558939848,42282.7522705502,1170745.39620213,648619.521220193,49438.3344935025,114096.404841706,627864.137488313,74868.371882123,9916.30003013348,400848.176782782,312473.154303587,21547.9663915749,226312.993752179,171950.332630499,293619.468540927,138778.409979038,107994.137546517
20397.2372660094,821144.063832283,33576.9469960511,8577.09173379875,42176.833178232,78536.9226289584,63724.9094790464,51691.5195996474,644760.839068296,142397.128609722,339456.733189017,48890.492316053,571796.557524182,180578.440674746,261682.183315135,87680.9764766536,0,65303.3120873922,84226.7908277375,55039.7080915762,69225.305660574,8605.41347063786,7899.22938725232,39746.1849954267,317464.550358931,73116.0636878957,47499.3588834287,38146.3543262629,168229.250759324,4398413.05561396,89194.0083355541,270771.104568323,9817.04031573442,274026.1555412,107729.069645967,95135.1747755683,72053.3059150882,45505.8991412615,90210.3080468322,93798.0017933411,43824.7570290555,36333.7897051469,60111.2088278257,375526.75956871,52548.7182074881,35068.9606031229,45854.0862979288,841628.792349399,61984.9074158297,90941.8306924253,52581.8236619189,230209.015263589,38020.8287406658,69849.1839478306,61204.0784014504,30838.3538542355,53566.9678620743,331243.659478834,77739.7276105092,387149.608957566,38620.4025792148,94897.987852612,41232.9627618823,38942.5801115939,96264.7110146021,34449.508963757,31514.0701603277,1285094.37184319,243913.43506419,81778.1880641468,69699.424092043,56953.9238060488,79512.1362340467,222006.203862688,42149.7716740066,91268.0662377419,157966.34012195,46625.3791041039,103707.655650909,95132.481733053,24208.6583808698,81554.2810578443,37100.576300441,33579.581353944,46992.1065388908,1107701.62427611,573091.021613073,51991.4311276128,26415.8015005173,550321.194496109,50815.8363225054,77788.9137931801,340724.034343798,224926.522612548,68102.9120200503,152393.419110247,84482.9815330004,225086.209982049,51537.9830689887,21672.5483729333
74414.4753051003,807664.88912819,87929.7661108734,72818.8636023607,93898.5815989467,81080.8981209718,74850.7962486898,17817.0705589825,622151.54995612,177632.328362192,322044.331425771,98567.3373283925,541502.222441077,207031.169237946,245149.453383094,90920.1533039711,65303.3120873922,0,94186.2375356046,39209.0650791469,61301.096565022,72741.7063265684,63207.5510318793,92264.6711435834,310740.608863096,87136.6128027817,97580.5930796009,72047.5771422267,128547.973488263,4369256.14656085,121951.573066433,283773.137700942,59978.8959706511,250828.680206084,142671.729428312,57975.9982706981,72993.775146089,72115.4956448901,98295.8703198619,100850.310500241,22604.1120786588,56757.8813982618,89936.6221286672,353022.65621683,43127.7601541008,56884.0310583705,22336.9141459382,810563.953628966,74167.2778018905,49719.6097778832,101229.326355592,192846.603806836,27921.9408437977,85228.6543005728,65898.6362897659,70741.7457407411,23398.2933206266,312426.73324266,111491.482397324,353413.915443327,30588.4373490316,127134.308066011,87738.5531594883,37728.9766652284,102643.204021011,47790.6540121647,73831.9127490153,1262958.32899239,213696.801565945,55122.7168334915,71473.6990547541,104461.846549442,85112.469399059,242050.615387152,93880.2950220209,128184.192177379,145213.00557648,21086.7064846741,142832.615513341,101816.434984535,82708.5253095695,123942.537402247,71816.2273326261,71139.7160178089,74596.1958428538,1079829.67463274,560993.746574678,43722.7898251136,77927.7174516096,541547.322714659,19354.5200701136,83936.6612642815,309947.088957731,249987.19417,83878.07918579,141801.130836429,126379.646366156,204678.823951735,100469.170841497,81303.5782255892
104531.982041882,896870.697117965,116457.590428366,82118.10433909,125145.979319897,14029.1217422112,21900.5635857735,97296.0527561611,714561.368407977,225959.811153727,412036.535085701,131976.880000094,635407.467032128,264781.187627086,334330.27042334,9255.27173658411,84226.7908277375,94186.2375356046,0,117700.931636137,33730.0110274701,81836.0915278152,76380.3131514645,122652.208111025,395463.395287417,11202.1085883573,130563.312528307,46594.0426645946,222666.748454122,4463291.46951074,173419.262181114,354325.448447017,90865.1135008903,342534.354335177,191736.561476784,150282.119679618,21390.3658292023,38797.7107223748,6011.43880665378,9614.15717952261,80093.8026020101,50549.4912490621,143627.512708543,444943.800991859,51690.0268871337,112561.042636906,94804.6538261561,904632.881253777,23376.5279233601,142675.378273957,135718.832979,286988.545260874,79805.4202473809,14469.8104182734,29102.5471979586,54161.708787324,71281.6863530408,402925.760384807,161958.466714492,447514.88850122,72920.4781723141,179122.15343016,125321.338027179,63611.0732612789,12109.6481110934,106639.39394229,115365.20517252,1355536.84942933,307007.9001909,143127.371714375,22738.7493783445,140143.155722792,9443.97293261766,306145.264488523,125118.36969977,175276.151321638,231297.834267591,78538.5413158508,187177.810958538,10953.7868115808,106513.468710457,164931.836311177,47679.5945438561,51294.5491392543,37569.6944243956,1173586.56744905,649281.033117951,51272.6687353936,110540.882988526,628108.878170898,77088.2401287062,10315.398926392,403668.213822722,309115.997090063,16173.0882427949,226689.763313628,167875.982052889,295061.15367146,134658.719300819,103797.68000243
52449.2525754971,779177.590936267,62159.2611482974,63536.4586917676,65404.7928029516,106723.274491766,96034.2790065019,24022.3979706173,597836.020037257,139081.816036747,294438.996870468,68239.5326731929,521425.151131874,167823.64199026,216667.447966157,117054.187193412,55039.7080915762,39209.0650791469,117700.931636137,0,89118.8279039682,63619.1118411969,57971.0849782033,64520.7698111459,278564.755966891,108283.414845865,67604.8274991381,81414.1106874173,113689.725324682,4349143.57589784,83956.6410253065,246058.829626283,45740.7142512548,225779.63471716,104548.378017996,40096.0272000725,98503.0956689829,85319.1192387526,122889.821226483,126034.607923536,38728.0755468481,69507.660042449,53134.1137100163,328102.495212131,67712.2875731053,26898.1340845185,23823.7824699424,791189.499033618,94771.8179441818,36369.2395890065,70025.425302236,176574.204721209,37961.6207301344,105575.046600418,88797.1308439857,76590.2001772214,51406.8552543817,285457.290017069,74115.2054074843,335191.531037298,44890.4608697571,88902.766503513,57667.865805204,54106.1026780211,128207.755960226,21571.4538247285,45582.5960335794,1238771.66870261,192551.817251175,27474.87966019,96444.6721459306,72335.1667139042,109808.024958263,203228.495899088,65394.5660317361,90838.7221932542,113681.372252344,41242.0443770237,105558.771707205,127210.27523154,60991.0344461116,88290.9278393706,80698.6485329053,78364.4687458776,87684.6517714256,1058688.30066279,531647.325124875,67875.6342094613,53180.9819225115,510820.022726871,44553.7663968412,108299.180902138,289665.033946263,210848.310973567,103908.955578068,109273.448730866,90452.1023737015,177747.68071076,69503.5673138732,60789.6396416551
88906.2880940648,867233.546562471,102745.051177632,70579.596936524,111273.25056028,19995.7549014211,20165.6629733729,66810.2129335176,683107.623203827,210284.23153318,381837.547852337,117885.51214987,602792.746940147,246397.941424714,304440.431949381,29622.6519408547,69225.305660574,61301.096565022,33730.0110274701,89118.8279039682,0,70328.861382615,61733.2862830359,108859.478534736,367640.228386184,29490.4735063714,116512.912562915,40792.2721213686,189799.230427789,4430502.32967666,155358.44702788,331971.717019739,72760.1668476846,311401.408291289,175036.796871677,118511.9975662,12465.0485045766,33899.3035355914,37229.5940526263,39617.0017949288,50415.2565289818,33309.4430403889,123596.408762393,413738.05909049,21525.6184075147,89660.2484428866,65393.1352334715,871801.774278296,20795.1654391835,110581.962840328,121515.836476573,254057.533179988,51696.9460564238,28931.3364996609,12625.0877224431,46455.9568537243,39294.8844511075,372466.707869504,143806.212470477,414645.496736261,44885.8683137242,161072.938429564,109304.541669439,36729.3397596295,41351.7415306864,82192.8616663269,97141.8819101844,1323998.25960464,274889.763341704,112796.979638044,11772.8840652948,125823.267127153,24344.832876951,285886.743487329,111246.577231138,158735.988416657,202432.822855937,48149.2789877566,171949.567296004,40550.6075655427,93403.4176725452,150059.400125581,41559.1192168502,44258.2244854605,34971.900520479,1141126.53513383,620042.552981119,21467.5994761543,94791.6509230714,599682.17080768,45732.2174518171,23457.3059974846,371235.963312652,290674.382800086,28305.909660092,198253.890367895,152951.797278861,264550.788904009,120484.046986296,90817.1062690998
23885.9281049203,827374.773230912,34630.0678037771,782.538908198938,43309.9057186636,77517.035858246,62364.7957583806,59801.4049531142,651831.66345445,144123.748029502,346357.88231137,50140.8201591191,579450.742997074,183324.796706706,268669.605885044,86116.173407929,8605.41347063786,72741.7063265684,81836.0915278152,63619.1118411969,70328.861382615,0,10261.8707327333,40826.010544888,323485.161414694,70661.6241131789,48728.1066730233,35242.1713202008,176681.948820059,4405786.21673616,92337.1863373329,274818.340643978,18094.0443520421,281465.485430732,110048.469450913,103713.488209181,71664.7455872327,43172.7176995757,87847.4337738408,91450.0934940739,50753.9773234307,37021.4412377664,64902.90612359,382768.020072403,55647.883113454,42832.3227703494,53997.995379559,849264.985368776,60593.4235817208,99546.849801909,53883.5376951799,238489.1351438,45051.667160288,67372.021909032,61100.7706671764,27707.2341448689,59283.1798731152,338267.045126967,81082.417313325,395106.401005289,44726.6152023214,97973.5901117117,44010.4737880066,43521.775981021,93926.4989229815,42871.8701064667,36509.3158366174,1291997.20240222,251836.317956926,90261.2869104208,69350.2141100033,58307.7841054856,77990.1376705431,225374.914573296,43282.3242918116,93616.6445191677,165109.158412713,53313.7667372843,105342.008623934,92789.8435310187,24685.7214608051,83096.1698877205,34169.9516110459,30545.0650180232,44266.4225337499,1115073.89817154,579305.268747991,55001.945531805,29598.6420479244,556240.592617949,57241.6812565799,76277.0010769084,348549.099493728,227586.230528875,65671.8245714263,159418.439250573,86039.9143108356,232455.727984223,52825.7293438779,21961.6580700891
