"070902088800503027","070302088800501073","070502088801705073","071702088800803075","synthesized6","072002088803802164","070902088800503012","070302088800501109","070602088801501129","070502088801705031","070902088800503137","070902088800503122","072002088803802014","070202088801001123","070502088801705001","070902088800503032","070302088800501037","070202088801001013","071702088800803099","072002088803802056","070202088801001063","070902088800503047","070702088802904045","071702088800803011","070302088800501031","070502088801705109","070702088802904192","synthesized4","072002088803802146","070202088801001048","070202088801001078","071702088800803063","synthesized3","070202088801001028","070702088802904108","070302088800501127","071702088800803003","070502088801705145","070502088801705055","072002088803802032","070202088801001018","070602088801501033","070602088801501111","070602088801501039","070202088801001093","070702088802904066","070302088800501013","070202088801001033","synthesized2","070202088801001108","070902088800503002","070702088802904087","072002088803802074","072002088803802092","070702088802904129","072002088803802128","070302088800501091","071702088800803039","070502088801705091","070602088801501093","070702088802904022","070302088800501001","070702088802904001","070302088800501145","synthesized1","070702088802904032","070702088802904231","070902088800503092","synthesized7","070602088801501147","070902088800503062","070902088800503107","071702088800803051","071702088800803111","070702088802904171","070602088801501057","070902088800503017","072002088803802110","070202088801001138","071702088800803087","070902088800503077","071702088800803015","070302088800501163","070302088800501019","072002088803802020","070602088801501015","070602088801501075","070702088802904150","071702088800803023","070602088801501165","synthesized5","070602088801501021","070502088801705127","070302088800501055","072002088803802038","070502088801705163","072002088803802002","070202088801001003","070502088801705019","070602088801501003"
0,24695.5030213707,59237.337647831,65159.8939532316,129383.320550771,42673.0156534874,47939.7640096905,273402.875549319,19695.9033869863,76416.841505621,406998.514464343,1013764.88889851,24165.8611200131,62468.591192725,64695.1875552361,12661.9382161619,1393787.65807052,151881.605703405,70336.4720621991,29701.7379493285,245855.214460812,66117.9803891118,32892.0638622216,416744.189488988,2884057.79154511,7392.8807865316,22115.2257361741,28027.8183241032,99370.2703301596,984729.972620542,280958.476693214,20286.7654079458,27360.4337319099,79102.6950580521,46736.2955045713,1355213.2568138,17124.1563256655,24880.3943765698,46883.5214083609,53377.6482852665,55735.6628368969,959295.917667002,279016.059741158,8504.64236833693,54861.1873859017,43331.2356438509,478996.971369008,12891.941576441,553891.642123136,42279.4000429197,359581.163923448,1657220.83752122,47946.5764510725,2436968.87625208,124775.38683519,25924.9269029172,832981.807048668,106542.58472355,15393.7013495709,116016.753694012,60863.835173399,1353600.28723602,161701.19135871,29408.7549166042,1844009.63206155,1091559.97703265,954.80234279229,1057443.83355679,146751.46005563,51182.8855962496,586770.524977267,83527.7910939948,114000.503878025,44862.8758457862,158949.543239807,411371.996013901,470188.490698541,89840.2015737536,964392.139591233,76496.2450514352,333177.033295663,47824.4898301632,14210.8666647733,647342.36242865,144699.858663513,28193.8975674375,111266.080315879,107970.266858125,42318.8752656569,25841.073768016,2239005.66960447,41231.2670901287,35578.4894757834,59703.3040792151,102240.111742091,70922.8915203162,23407.5093434014,1674741.21503142,43393.1928993954,27474.0139645971
24695.5030213707,0,34541.9310844432,89855.3457387656,154078.688293053,17979.8345336716,72383.562078033,289876.574008307,5000.21104448153,96184.8005151387,431688.606300108,1031172.64622904,8626.52529583263,80581.9051451328,40000.4255771402,34973.2630573975,1411540.60884966,166457.931856775,45641.5777562334,28947.0708760829,262508.180486421,41422.5787246129,51714.7778422371,434425.30626969,2902260.19333401,32081.2879776929,45933.2527939824,3345.13926247221,123989.090537114,1001669.50297085,296315.693503921,4409.0235628938,2665.67728785737,103797.943283208,35222.4763768817,1372316.92841559,29398.9039948099,43318.8440218915,68896.3400986165,32804.3819476829,33026.991669013,977691.172525636,303711.491133384,27434.0932099031,30166.7889985305,22664.9981416687,496128.248550308,17088.8970501079,575538.055713597,65628.3588745715,382692.267479323,1674462.81455976,23517.1918752347,2455451.76695677,144617.552231622,21818.4095397217,851834.104675224,131237.915088422,14463.2120495812,140712.211501675,71488.8911999057,1370912.06627106,179626.442257313,4713.65998906565,1861417.73773967,1110374.6316688,25579.2434577006,1075360.57241926,170812.311219497,27123.1182485807,605442.002940596,98176.7436038195,138195.794748702,23960.8677320984,181733.418140886,432032.546982365,488932.049891119,113752.290651856,981833.092357259,101191.698257678,348869.177693457,23135.0662216045,15655.6016311212,672035.645199216,165631.549400938,8666.88646177751,134190.175171122,130566.749071622,17623.4541611719,1147.17334253697,2256598.73801354,64705.4484315218,60273.9129641607,84398.7242294066,122879.700953603,46227.9564369201,47227.8589659073,1691953.3995224,18697.8262880322,2779.19124988726
59237.337647831,34541.9310844432,0,124397.178658252,188620.464134088,16569.9803617405,106767.933899589,314727.934011541,39541.4806087922,126767.755742247,466223.926715436,1056008.66239989,37521.2934554766,110289.81774567,5469.29083253619,68962.8290428621,1436716.04962148,190380.51509275,11104.2491657198,53124.3233623377,287746.219303768,6880.74762376753,83355.0948115355,460240.84434894,2927879.74457094,66622.0724950992,80143.8171451365,31213.514970265,158463.758780657,1025891.23577884,319764.297404332,38950.6606486725,31876.976252457,138339.650403869,44349.7081709381,1396621.28369038,60903.2993233809,75376.0483857708,101772.751477727,25343.8035623773,17820.8945120694,1003874.63689036,338253.330954666,61240.0200384341,4392.80363288808,25537.6416110166,521109.502148387,50141.7309042365,606206.333080394,99384.86865926,415324.144006036,1698888.09032623,12542.9671820641,2481485.39454025,174462.053320545,47412.9445499461,878689.00556011,165779.66020941,47079.6426476382,175254.065301825,95518.4346525873,1395499.20276665,207049.946613233,29828.6407065617,1886039.62217644,1137068.51085862,60119.5311394501,1100861.23134745,204721.910340719,12109.1019997925,632251.592293336,124128.620732644,172276.398135555,24661.1957136527,214313.145725572,461596.319836918,515990.206220678,147631.747679198,1006737.4905194,135733.550780601,372459.362195367,11441.8372434109,48493.4806739627,706574.739187456,196381.493125379,33384.2572248993,167103.362156058,163196.339755928,16918.5348362526,33396.396082006,2281427.26669999,98545.6668117814,94815.7290280738,118940.611564285,153767.806593984,11690.4348843797,81425.2139323869,1716334.87039514,15844.193962757,31763.4186418025
65159.8939532316,89855.3457387656,124397.178658252,0,64223.9856560522,107831.875841329,19819.6377583482,236897.288322044,84855.7202178067,51883.0601096379,341856.503431943,969354.500004035,88223.9771648727,54041.8700166717,129854.523828834,56665.946607383,1347995.66175915,129149.520151474,135495.871903116,82788.4750821962,209672.427053869,131277.825575301,52296.2842307766,373927.379348814,2836501.47944048,57777.2978608124,45470.4036063538,93186.3607860621,34935.8246808263,941681.896004199,247792.539628029,85446.6045588902,92520.2504693998,13946.9894665046,102611.462146233,1311246.77637192,68128.0870436928,56178.891242697,36446.4479230862,115682.245199913,119498.460841991,912189.081093351,213856.274085678,64282.8947150148,120020.340139802,106448.312483978,437282.431029434,75426.5311700338,498140.223242853,31537.7524576618,299816.774747043,1612657.92505672,112961.200933969,2388740.18713554,85556.8869462771,83930.7112366606,784797.240805469,41383.7153210983,78518.9696600793,50856.9241839076,76478.1653033725,1309060.36303455,125931.200529237,94568.6053007988,1798896.61704295,1043094.97868124,64279.8178565654,1011541.5224024,85029.244146852,115955.622172057,539833.119678656,76214.4386603035,52448.2165678775,107996.816616847,103147.39564455,359311.609480035,423672.392311019,32878.2049692694,919969.881659442,11336.5139966414,297694.885867158,112981.107393588,77091.2713390329,582189.094979537,98253.2418237135,92460.9493194032,58210.121355511,57363.4363798075,107478.717685245,91000.8997277663,2193243.15529718,31520.2553092407,29581.4687019122,5457.47128388368,63626.7001251976,136082.310451636,44309.9419068638,1630249.88412367,108553.025097715,92633.7886362513
129383.320550771,154078.688293053,188620.464134088,64223.9856560522,0,172054.194221927,82607.6335228375,214636.563566863,149079.098007827,88875.8107240284,277659.598485426,927983.235451829,152278.155245768,101303.071135008,194076.942748944,120529.391275391,1304475.11864125,136719.574824084,199718.310148478,145082.777472955,189807.110425846,195501.098781667,112576.008378973,338767.822174775,2790324.92101321,121999.063583435,109237.411007134,157409.406747025,31626.2269640603,901852.589684774,228967.209395983,149669.968090548,156743.605929141,50280.9969881225,164508.828319485,1269696.19470677,131288.18956661,118177.127066977,93704.8634428114,179090.322330078,183308.785916991,868047.248601204,149633.030279177,128230.594113143,184242.722139485,170171.771523334,402309.023397776,139435.225712502,445694.933050791,92317.8561378835,243634.368584616,1570144.96858009,177145.085680185,2342007.20920648,86597.6113083541,147086.621708237,739854.759347614,22840.8941789679,142539.321318187,13371.1558278109,127560.928474157,1266909.35875705,118437.63549129,158791.946785131,1755664.85532603,997189.856661226,128501.702676663,968462.7468181,37927.2429311397,180070.911842802,497603.756847202,113870.076633416,31020.9218800998,171710.951103633,67329.963096609,312840.422865764,383179.71432827,50004.1324222664,878720.694020733,52887.8519572199,273621.815332981,177202.05635087,141105.760254227,517974.405097155,82710.8351797457,156528.404366077,53249.0616443875,57905.6703488509,171702.034868794,155224.251710126,2149118.57392169,92772.1389184678,93805.1098127504,69680.5450689146,77751.1513208785,200304.747315572,108018.279689662,1587795.6495041,172776.346064338,156857.145330109
42673.0156534874,17979.8345336716,16569.9803617405,107831.875841329,172054.194221927,0,90261.8071920615,302572.418576822,22978.4947504312,111813.696897435,449661.172455606,1044028.74944771,21689.401053625,95638.5176698855,22022.7962329488,52573.3386604654,1424593.22501262,178473.535994022,27664.16397504,39656.5445373002,275390.64985523,23449.4293814833,67827.346919908,447713.055646136,2915569.92619569,50055.1720004254,63693.2212834335,14654.5212820531,141925.511197611,1014200.06426627,308258.058472366,22387.7750138015,15315.4300733658,121773.268223232,36340.97992327,1384910.93423703,45245.6025037331,59655.4603585043,85843.2820926193,23504.0880907286,19767.3283439096,991253.35876072,321687.217846127,44885.9236038913,12188.533243121,16973.7068099609,508989.120197727,33923.6211730147,591444.743193188,83115.9087568563,399634.347589923,1687129.97975019,7013.69841415651,2468973.86495087,159913.523766961,33174.2087406506,865741.727172644,149213.346651036,30917.4276057563,158688.575803199,83073.4707015572,1383654.53086882,193614.170229412,13267.8199048048,1874192.18368828,1124212.88436573,43552.5274578907,1088569.21635278,188430.818653831,11466.1414980848,619298.306968133,111099.625075278,155906.811042789,17152.0841386617,198605.171746258,447328.979524692,502899.160215905,131339.951667926,994721.801534287,119168.205769608,360925.88529275,5160.54272752377,32302.1853391073,690010.217653488,181464.331285348,17842.9466818264,151228.35357274,147438.399812353,510.033812157464,16834.5481758604,2269488.08477369,82244.2900505303,78250.6651619079,102375.352732378,138739.80849661,28250.6172497076,64980.1182128339,1704597.98524603,809.250081375367,15201.9248100766
47939.7640096905,72383.562078033,106767.933899589,19819.6377583482,82607.6335228375,90261.8071920615,0,238675.048537258,67420.1293138538,43868.0306241435,359704.316348411,975190.188935329,69865.7396928142,40143.7485300408,112208.135921039,38033.8092694007,1354468.65160568,124566.378138529,117834.525322969,63127.3664904364,211157.104018833,113628.615253554,32602.4770206514,378681.242408233,2843798.49454807,40688.6536047094,26735.8973412492,75693.1149648172,51785.6907331145,946962.180092459,248341.818793476,68006.4242797278,75031.1987804246,32982.2771121293,82900.2394720876,1316975.09178844,48775.6451261846,36400.6860436862,19005.3914144836,96535.6271744085,100709.080341713,919122.125966012,231966.175921485,45774.909243588,102403.983308291,87565.2438518496,441692.043849509,57002.2557930656,508899.759998261,12215.6035721392,312704.960529343,1618663.52020385,94959.4155652824,2396303.4821032,86477.8370197456,64600.3928932954,792148.636975027,59929.2748504415,60111.1420735906,69324.7084905733,59135.9589306946,1315018.79247884,126315.393531566,77067.0550861352,1805140.71519361,1050636.6917562,47071.0994524729,1017998.29408153,99009.1077926617,97694.4276289095,546518.270544417,64335.658478941,66152.9986117679,89103.9496028434,113114.214519646,368126.999887681,430060.039669944,42509.1681144724,925795.889083276,30471.4694512287,299342.708529779,95388.9744984863,58675.0747952061,600082.791421349,103012.013735179,74122.7544183487,65791.6679824552,63381.8543356933,89911.5151271286,73521.5365027001,2199776.37867271,11952.5634371725,14330.9898900434,15053.302116279,63301.4589897059,118419.471442422,25487.5207371035,1636228.40876599,90981.2059777944,75144.024201215
273402.875549319,289876.574008307,314727.934011541,236897.288322044,214636.563566863,302572.418576822,238675.048537258,0,286446.088323272,198014.602722874,306417.214135975,741457.860940543,282450.300315543,210934.307380499,318819.261114894,260825.925471879,1122046.59000887,124368.668579506,323091.158325886,262937.414602879,27598.5760579006,319893.225937263,240555.244534802,145888.12496396,2613152.79930216,268722.335994816,254050.13765168,292187.005919028,214975.527236192,711794.157520351,18256.2628070273,286849.109410952,291723.649342179,230732.238942391,271079.37785184,1082455.56675814,261049.341693696,248800.685137508,228953.01755542,291483.576163633,299155.625740241,689348.120234977,233772.403801369,266100.213880293,311476.580113866,289192.88561882,206423.956178601,273576.679311758,313340.451763672,236203.267395804,177903.219359809,1384629.30890625,302885.090805557,2166805.39855324,152259.58720519,269636.243506648,564876.811120157,220677.362401866,275693.242271882,217901.132033854,219520.008062547,1081114.86891498,112508.836282884,293151.922787905,1571644.51034821,822906.507261271,272838.284305942,786133.441492108,177462.348294422,302626.83412865,318804.957869818,191736.501913638,195383.514844753,290085.894826031,147317.032613738,166295.681816011,203775.176839079,204863.239852979,692149.564317087,231832.943820548,60799.6711194203,306305.910403768,274713.685081824,512747.534226398,139437.010230581,285452.624034786,180089.381396876,179907.782081014,302318.056862698,290669.011354024,1966917.59792419,237490.821477193,252041.702522149,239488.120471487,175378.049222609,323537.640477709,253007.415567789,1402110.83238026,303093.10643617,291802.6218855
19695.9033869863,5000.21104448153,39541.4806087922,84855.7202178067,149079.098007827,22978.4947504312,67420.1293138538,286446.088323272,0,91990.6805080886,426690.04192707,1027624.3375512,8894.58600091234,76618.5472027567,44999.7866646661,30157.9930702676,1407929.62487514,163310.602967359,50640.9830932134,27357.3243231219,259033.166082297,46422.1257396334,47471.4089219447,430790.061080024,2898567.35910574,27082.1077435695,41027.5756780992,8338.06019437871,119002.424809019,998213.976723265,293103.618240548,594.953001082523,7664.66006422178,98798.3871318064,36513.0887560703,1368835.57156714,25499.3146954268,39031.6332168307,64282.6791770786,36559.659656439,37421.7382667151,973944.547354604,298711.895166192,22725.079100371,35166.008264717,26293.5434624527,492608.168254686,12964.7400608568,571135.763055065,60815.537156384,377997.252427326,1670957.07244356,28425.8016706533,2451701.07128051,140476.34653688,20427.1618837736,847993.22952292,126238.329253102,10785.9950139658,135712.602578989,68756.745768683,1367388.9838294,175865.043553889,9713.02297590825,1857880.13169713,1106546.93341694,20580.2138804555,1071711.57031074,165927.589919345,31915.817716912,601626.906880925,94875.3223682223,133282.680861898,27692.8654008673,177079.43971343,427815.283883914,485094.409838433,108883.042180565,978276.947264569,96192.0932131571,345607.368395218,28132.5401248239,11742.7023315107,667036.47601705,161308.006697379,11061.6609545025,129496.603558675,125928.463745287,22623.0691321549,6145.60655308535,2253026.25632375,59873.8152129842,55274.2864775761,79399.17250799,118576.081929689,51227.4194944591,42324.5936848476,1688453.79702901,23697.3518688613,7778.30550457696
76416.841505621,96184.8005151387,126767.755742247,51883.0601096379,88875.8107240284,111813.696897435,43868.0306241435,198014.602722874,91990.6805080886,0,352736.786506654,937512.016284846,90208.7622354586,16945.6088576023,131778.757509131,63760.8874106202,1317437.56881503,80825.4890243625,136994.527745558,74179.931939849,170416.316316744,133091.381562605,44523.8063008038,340490.966807435,2807645.57754363,71108.1920926126,56112.4887886782,99020.7321569489,59904.6614428416,908647.434892039,206613.611383989,92482.1937636629,98451.1029783408,55868.8688258357,89741.8248155263,1279043.67039872,66861.5151824302,52972.7067646104,30963.8522318973,108743.492734654,115163.019133362,882880.085145708,228101.80953452,69945.9879036224,122776.465060522,102646.392826525,402935.573671726,79120.9098106881,479632.01163591,38581.0819141563,289387.066125506,1580995.40363893,114232.261858828,2360553.32326392,48513.410744916,79375.1641405392,756585.997174336,71427.3655479191,81754.3372474982,78328.5337262316,41296.505910081,1277361.64948213,85696.9191655567,100206.405572061,1767732.06995866,1015163.45524758,75765.8611696954,981071.607761262,87201.7756340374,115459.4091296,510355.843860728,26137.7674625269,60379.6223817459,103954.946352122,89236.1543270255,335848.197940807,393774.719733051,39279.6878631261,888132.3372146,54876.377486807,258294.532648226,116415.502225106,80534.5250138179,592074.803253492,69656.5338066615,93975.8017538454,45215.2476665299,40190.641809425,111499.793326789,97156.5356647672,2162678.55547159,39870.9258770565,55392.993636295,51280.3606108477,27008.1417464639,137538.653338105,55038.7123306549,1598524.84246108,112455.255960148,98548.0979981829
406998.514464343,431688.606300108,466223.926715436,341856.503431943,277659.598485426,449661.172455606,359704.316348411,306417.214135975,426690.04192707,352736.786506654,0,777310.878009827,429569.98158582,368875.384739757,471679.956931097,397734.294317113,1131688.68039157,346513.279999698,477320.366214916,420527.995210225,305578.759207904,473103.387493263,387403.078623391,310185.923720488,2593051.90120387,399616.66849793,386437.431276726,435018.409953993,307919.737542456,760490.338222017,323446.969722666,427280.786675787,434352.997873299,327919.463449654,439119.292701424,1107457.93432739,407776.610312702,393988.445993105,368039.679709758,455369.44312523,460133.369289095,705385.508646068,128187.201919911,405479.13777975,461847.458864023,446938.899661026,351789.50499342,416705.170481992,273711.949853299,368335.774739276,141616.091382472,1398120.72586076,454615.851034014,2143885.43260637,319055.528406004,423376.014477732,580262.761728052,300489.992804039,419815.394117544,291019.105705953,393961.258366335,1101733.04564434,314622.744338293,436400.931751392,1578064.98334322,819837.0970684,406117.782481407,807118.199879989,265921.413932214,457397.83232886,382626.905297791,370877.625169826,296162.57018516,448456.668091084,268182.821359673,231901.122821859,308403.191502038,321110.647715796,731045.751011365,330523.951117735,325207.894673949,454808.136334899,418379.322819958,240378.626495154,296936.588336405,433825.928313717,307523.044116722,312580.020902851,449308.539896633,432833.93235486,1964209.07976365,368975.314998226,371429.072516997,347311.360491692,329422.102880141,477906.704621886,385186.355941386,1415828.96032314,450382.653072259,434466.507721995
1013764.88889851,1031172.64622904,1056008.66239989,969354.500004035,927983.235451829,1044028.74944771,975190.188935329,741457.860940543,1027624.3375512,937512.016284846,777310.878009827,0,1023848.49102177,951490.419721841,1059981.98559134,1001111.89067467,380951.795336056,865670.153104535,1064103.43126329,1004394.97602965,768706.428228673,1061020.809534,981136.001113704,597026.247933898,1872418.40259956,1008619.25121781,993509.878871092,1033542.97973698,940580.544823485,39545.9532929874,736414.274646549,1028043.05807581,1033068.90567002,960159.836877553,1012092.91639704,341910.562421057,1002155.33600501,989493.672369485,968050.268112424,1032378.25427586,1040116.61902498,79077.4632867455,842773.020472332,1006788.31990168,1052831.04158896,1030493.65845666,535062.495176059,1014702.72019033,506525.228457291,974637.245401331,702020.338644449,643505.193687231,1044266.05477783,1427288.97082371,889738.367748061,1011083.684062,197054.092779264,942403.589821944,1016906.40755968,936381.02496236,960967.727178051,339858.163069196,852078.906233275,1034528.73131884,830261.732523876,118676.732026259,1013149.46486675,53652.7762721804,892359.469585856,1043900.13228397,430387.603261649,933133.577141523,920178.972849596,1031348.79374512,867620.998859414,616193.892666286,545790.643505013,936494.081811533,49394.3735261114,961869.488460825,683768.334674147,1047738.06751416,1015888.29553752,719064.633805268,872225.391000472,1026891.71239166,911220.699673024,912602.768833602,1043775.09346719,1031987.36481077,1225459.7408308,975898.163124995,989231.23862963,972983.866227894,912844.180720804,1064532.66754126,992388.533967315,661053.955026576,1044548.03355057,1033149.76761432
24165.8611200131,8626.52529583263,37521.2934554766,88223.9771648727,152278.155245768,21689.401053625,69865.7396928142,282450.300315543,8894.58600091234,90208.7622354586,429569.98158582,1023848.49102177,0,74178.4263877519,42855.9055934547,31839.5610234595,1404294.35877033,158760.164292074,48401.0657369672,20500.1430895109,255143.37762747,44254.662674218,46138.230850285,427243.111036237,2895120.75925468,31194.1476316628,43134.0538669777,9955.93937677267,121650.706308968,994229.857688144,288643.17638693,8714.83906116135,9609.54125964263,102110.77682714,27625.4476892133,1364904.09715676,23559.4020860945,37986.3077967841,64280.2240573146,29383.9561148019,31625.4438987985,970644.296132779,301796.883747596,24091.0013847332,33266.966176744,19222.1086419671,488786.926757263,12870.046094285,569829.209104775,61948.4848387655,377991.017709199,1667077.89849472,25270.8742972314,2448398.36992006,138424.282121105,13377.3120702957,844937.491795373,129477.975314934,9754.79233510588,138934.775024808,63528.6569581143,1363551.34742191,172700.440416423,10759.9398142524,1854071.88430399,1103450.65065217,24991.5174584079,1068170.76850508,167273.374140326,27830.4499181396,598514.228103769,90718.8478741156,134906.08316621,20739.3045547538,176960.077046884,425881.922430097,482049.38822895,110183.328713425,974520.004410676,99514.8600542587,341241.240173458,26514.6539293784,11190.8214104632,669948.489482157,159840.517353908,4272.34083093694,129645.140806167,125804.42012792,21367.6576377342,8965.52815686753,2249296.26057562,61144.0033135484,58843.6068993699,82793.6545876979,117100.455908167,48978.6989693456,44386.2592080196,1684560.64937235,22359.8094938957,9665.62456865083
62468.591192725,80581.9051451328,110289.81774567,54041.8700166717,101303.071135008,95638.5176698855,40143.7485300408,210934.307380499,76618.5472027567,16945.6088576023,368875.384739757,951490.419721841,74178.4263877519,0,115230.372797911,49907.8431843555,1331637.69528163,90305.586429849,120384.320627133,57454.7175416781,183388.297626444,116526.330972132,29659.5697630519,354512.04667267,2822116.05224841,58005.1621887393,44126.3139679428,83284.431435894,70705.8268397938,922343.157479999,218635.129943935,77080.6498415997,82740.383129886,61752.8847119866,72797.5146187499,1292867.37801214,51188.5218390041,38007.4102107956,22268.0186921734,91843.7726420172,98331.796409732,897430.854119643,243654.57773718,55299.4812884581,106364.203288225,85915.947012337,416621.530559207,63659.6833725649,495933.175103859,30815.6066672072,306278.748679697,1594912.36896687,97769.2747353033,2375173.49567613,64275.6106684714,62881.3524697806,771394.094921686,81890.4941249098,66127.3907938497,89746.7785681428,26311.3632125775,1291306.32029208,99439.6284288084,84419.0997561644,1781749.24810376,1029954.42243022,61907.5843161569,995351.200837495,103111.778431374,98846.8969667452,525048.610784904,24619.3868824781,74637.6326348748,87200.8509006225,106172.832199418,351710.673611989,408501.784481708,51366.6560667091,902125.915815261,60140.6706613613,270761.143997053,100129.388598536,64981.5611168597,608431.120355827,86132.2702520944,77812.6180054829,61513.4962636023,56671.1626646806,95332.8083192207,81506.0853767159,2176807.44111172,31959.7204928786,48101.802035627,51739.3806307753,43761.0755481184,120922.573297575,43263.0852178028,1612425.31127312,96263.2564529625,82832.9964437277
64695.1875552361,40000.4255771402,5469.29083253619,129854.523828834,194076.942748944,22022.7962329488,112208.135921039,318819.261114894,44999.7866646661,131778.757509131,471679.956931097,1059981.98559134,42855.9055934547,115230.372797911,0,74379.8389589321,1440728.75638283,194451.653737817,5641.57667172074,57911.966812865,291907.812870808,1470.21544962434,88551.3751332906,464422.715122618,2931943.8225024,72077.9029078441,85573.4621472481,36671.8192770419,163912.150720593,1029771.52519752,323650.290918627,44408.9568687711,37335.5601735159,143796.00133014,47955.8239709269,1400500.21436904,66159.2105427526,80627.4725339591,107063.062594534,28140.867245255,20342.9535103163,1008057.02114834,343709.964191711,66648.6409963259,9834.33663043487,29873.7631006533,525154.976540384,55530.5641301884,611088.929105222,104765.104559797,420507.30803384,1702778.892692,17690.1597030417,2485617.05789707,179331.504474724,52405.2728635167,882980.438537123,171236.095752162,52456.9777606252,180711.267300352,99879.3530108229,1399422.0290258,211573.331766844,35287.3244442867,1889957.76246604,1141323.87970251,65575.2629103946,1104934.7581915,210097.167179477,16491.6726052839,636554.965042258,128598.037661526,177677.028105704,28843.5934416626,219514.583163758,466329.469030369,520345.946695818,153010.608149099,1010723.73577784,141190.861304464,376341.017708935,16879.2710081614,53875.114195723,712031.253847995,201352.113143122,38692.504256846,172361.610445862,168420.462254312,22378.3413582353,38854.8963977356,2285372.72219252,103934.529068152,100273.235619622,124397.963155964,158785.625722899,6227.94451157719,86853.336739986,1720218.46417467,21304.1351903185,37222.0760373353
12661.9382161619,34973.2630573975,68962.8290428621,56665.946607383,120529.391275391,52573.3386604654,38033.8092694007,260825.925471879,30157.9930702676,63760.8874106202,397734.294317113,1001111.89067467,31839.5610234595,49907.8431843555,74379.8389589321,0,1381127.44028337,139624.839645595,79984.9183015258,28658.0108507242,233269.280663962,75793.0970814189,20494.6044883929,404089.629118754,2871397.91964654,8919.0878029935,11303.3802068556,38207.8702824155,89815.6008464615,972094.122840007,268494.55057085,30723.8306963054,37559.8215872883,70475.0800633046,48145.1401834057,1342568.73699318,13011.2315422256,13028.2956551898,34508.2475626951,59124.5567539438,62843.3574061542,946637.511132352,269986.673408622,7762.39731806749,64624.0669793891,49783.3270051341,466360.349096908,18974.4106158318,541626.422670624,30660.2247431942,347897.446210297,1644570.87962304,56995.7191898174,2424314.06671508,112144.935254578,27927.5959165878,820335.791167733,97762.6764237095,22086.937778917,107202.303141527,50441.0950315093,1340948.88309572,149056.209275676,39554.8520344596,1831354.88133078,1078913.82792935,12044.9964184966,1044782.61692083,135894.467584524,59664.5287552423,574116.381807675,71484.534629307,103335.418312166,51332.1823734652,147054.44943405,398887.553349371,457534.880436631,78799.9877203451,951738.468541252,67889.4021979898,320662.830231309,57659.0334523078,20651.253581383,638112.908249862,132210.399711297,36093.4718512271,99421.0182416908,95954.0501237066,52224.399274893,36083.70439495,2226347.00354339,29732.7724834198,27813.7220039751,51281.255684869,89676.1309635818,80567.8138461347,12548.1887424939,1662092.15895492,53283.9032663306,37670.2638392002
1393787.65807052,1411540.60884966,1436716.04962148,1347995.66175915,1304475.11864125,1424593.22501262,1354468.65160568,1122046.59000887,1407929.62487514,1317437.56881503,1131688.68039157,380951.795336056,1404294.35877033,1331637.69528163,1440728.75638283,1381127.44028337,0,1246342.69716447,1444887.06327517,1384944.17417659,1149207.05593492,1441777.26875202,1361257.93565508,977145.511561347,1491467.16529755,1388520.93030825,1373327.56036629,1413950.69979702,1318452.64146367,413104.440905816,1117253.22133698,1408355.9372621,1413468.82909293,1338406.32250803,1392867.20751129,64407.3852644914,1382441.81766959,1369641.29469702,1347834.70727971,1413178.32736547,1420906.3773549,436456.008164217,1210247.21798674,1386918.28404591,1433504.09739061,1411190.54191503,915625.26807487,1394990.55390685,870685.990949985,1354273.14128467,1072269.61778384,266971.952275082,1424922.91993135,1046664.45954543,1269453.7328414,1391594.58089014,564895.572530603,1319759.5499041,1397234.63292752,1313392.61643241,1341561.28895186,53503.7812091494,1232198.10991444,1414952.54038264,451196.142332919,312009.946322088,1393158.21445058,336474.554793644,1269521.83164911,1424609.1988662,808163.270775274,1313606.42066863,1298128.63591601,1412060.36457398,1245652.61396195,991674.873401701,924442.928831051,1315195.13105706,430078.180204151,1340192.62148343,1064632.55464013,1428350.7175452,1396198.03769683,1027274.40861706,1251457.61058406,1407384.69025311,1290011.93200496,1291582.93103366,1424336.15344891,1412369.18800159,845308.286598017,1355525.87741353,1368589.84292553,1351769.37566184,1292480.68691543,1445319.90722038,1372189.96284189,284702.770528668,1425119.49888755,1413551.03037202
151881.605703405,166457.931856775,190380.51509275,129149.520151474,136719.574824084,178473.535994022,124566.378138529,124368.668579506,163310.602967359,80825.4890243625,346513.279999698,865670.153104535,158760.164292074,90305.586429849,194451.653737817,139624.839645595,1246342.69716447,0,198730.676330039,138927.645879166,97594.530799586,195525.450648291,119133.736717844,270078.54668482,2737504.35409527,148045.153592329,134427.840370653,168604.469511994,120627.449055011,835732.543699933,129883.256841162,163677.768326256,168172.194396586,128122.593240169,146729.833160338,1206449.0103015,138228.037872435,127005.672952955,110868.912862864,167155.43284581,174809.259617445,813671.522139973,235333.222338323,144088.322592117,187165.063399847,164850.548855933,330729.40444448,150624.45682074,425996.122121997,119008.265060194,253391.422905868,1508680.44423598,178595.924598632,2291172.24424966,50315.1362626308,145745.990513196,688909.661484065,130503.63015549,152531.28953438,132641.329496014,95420.1478084678,1205231.62961923,31892.4567602051,169506.531860026,1695773.33418988,947102.321510043,151409.60394898,910489.244743205,110978.329548365,178276.047493588,442600.410404961,68555.5971394248,107139.655696893,165731.054692141,88931.3874381426,278522.237211916,326785.620940091,102956.35884112,816385.766383038,128200.406827535,182500.332056379,182095.618843042,151645.660228428,578139.676056693,59409.467099622,161587.639352346,85066.5437347601,81664.2380137585,178228.609604532,167191.781264035,2091114.08720741,120281.346638892,136115.292340091,129956.940269678,66667.0673204109,199179.388872996,133547.113472702,1526143.18265742,178977.226725794,168245.786193109
70336.4720621991,45641.5777562334,11104.2491657198,135495.871903116,199718.310148478,27664.16397504,117834.525322969,323091.158325886,50640.9830932134,136994.527745558,477320.366214916,1064103.43126329,48401.0657369672,120384.320627133,5641.57667172074,79984.9183015258,1444887.06327517,198730.676330039,0,62977.1483055872,296254.124615647,4233.59152417931,93955.1741299386,468773.710230121,2936150.05907423,77719.2700130753,91189.3488420063,42312.9008074444,169545.78323399,1033798.06860123,327714.99965719,50050.1792324351,42976.7111399109,149437.366925316,52025.3482257702,1404521.29733945,71623.5422614606,86084.159090086,112548.398477999,31769.7080848483,23996.1150165717,1012393.66531525,349351.332215068,72248.7666319223,15475.705369598,34688.8388623735,529364.017972399,61113.1986197961,616146.878201513,110334.580606179,425872.780974569,1706810.16575406,23163.9730888489,2489893.83250825,184399.840729515,57653.8253301012,887430.375648084,176877.461442517,58032.9590243953,186352.615495187,104496.709385892,1403488.14406005,216294.655398995,40928.4566131895,1894016.37169845,1145734.03809926,71216.6111379222,1109158.47200342,215659.30357451,21541.3802968648,641022.433907348,133296.45224692,183263.422714424,33552.5135682807,224904.955916922,471238.980722711,524870.505846305,158577.38049881,1014859.10023157,146832.202991913,380394.414320617,22519.623897914,59454.3844874238,717672.196547665,206516.312096454,44216.7459187948,177809.851184793,173836.666279901,28019.0854332514,44496.0813047687,2289458.09566162,109512.072062736,105914.567918063,130039.323598262,164002.186429145,587.968028088239,92467.822855186,1724242.30678096,26944.8687480988,42863.1886196077
29701.7379493285,28947.0708760829,53124.3233623377,82788.4750821962,145082.777472955,39656.5445373002,63127.3664904364,262937.414602879,27357.3243231219,74179.931939849,420527.995210225,1004394.97602965,20500.1430895109,57454.7175416781,57911.966812865,28658.0108507242,1384944.17417659,138927.645879166,62977.1483055872,0,235738.793301689,59181.6482239366,33141.8088587776,408058.440174974,2875913.4047571,33647.5206869218,38315.6946241975,30420.5627231758,113640.328013228,974614.023095978,268775.539031111,27502.6682598324,30100.9999660372,96095.7063775012,19883.014877627,1345316.72907595,15657.4508586651,26911.8565494356,52507.3518481336,35202.4320518905,41109.2572815705,951609.407623612,293466.112246324,23381.7261974212,49381.7697699959,28471.86542196,469347.636239784,18533.4811470058,553185.227161613,52767.4856226517,363460.717567085,1647525.02794387,40709.2923289544,2429323.65973306,121429.895497318,7142.92283814225,826148.244954305,122700.003184168,18210.1086978075,131966.247238551,43511.0289045574,1344036.94534849,154138.674342013,31114.2715481964,1834571.99381855,1084602.83194844,30102.7231654358,1048913.24181819,155915.455423533,41462.2659949214,579701.951238172,71461.0491359633,124449.530807008,29780.3866000704,162782.223786634,408473.43167378,463333.672824973,99472.2623930647,955084.288591701,93595.2582308073,321420.345997631,43614.5270619394,18292.9296903394,660768.646583371,143572.455291171,22774.8779113453,116355.216931455,112065.447733016,39397.3166717354,29419.1247375892,2229854.67229628,52328.1048004605,55591.4078186313,77640.6720822529,101162.464244854,63509.2523074455,39258.5441648202,1664996.75407394,40196.7012371207,30154.3992513968
245855.214460812,262508.180486421,287746.219303768,209672.427053869,189807.110425846,275390.64985523,211157.104018833,27598.5760579006,259033.166082297,170416.316316744,305578.759207904,768706.428228673,255143.37762747,183388.297626444,291907.812870808,233269.280663962,1149207.05593492,97594.530799586,296254.124615647,235738.793301689,0,293000.378439108,213020.702298719,172520.580749754,2640208.2951461,241144.330906308,226456.065594169,264850.21554478,188567.298006112,739180.863200795,39204.2572322523,259441.253231908,264380.437129274,203810.828002704,244283.428938418,1109811.0950334,233611.067519175,221282.001856975,201354.545778127,264726.718932423,272360.932838349,716150.109897429,222568.519337693,238585.248835192,284439.935456998,262209.161528394,233644.488958329,246146.2435947,334384.770645109,208611.962788355,184850.707322819,1411955.85227592,275827.148597094,2193740.62492611,124794.485961949,242392.338681138,591317.610208477,194689.3420628,248290.319182003,192349.872084951,192393.037785478,1108414.00086651,84932.0234476653,265828.701976588,1598930.2769508,849516.24558683,245286.38767217,813193.591359223,153112.013728055,275656.018793861,345033.460200703,164427.490491701,169252.416794761,263128.916894976,122763.976174575,186526.055925672,229407.961661323,177828.571838894,719381.343631383,204846.689523992,88196.9297492106,279183.953296539,247297.865060595,519918.879428716,112690.713407384,258191.726207549,153249.100450237,152873.624586547,275132.261889281,263311.317507559,1994158.51701868,209899.805013308,224483.241172134,212172.104515573,147872.06510729,296708.431760372,225411.872926848,1429445.39808111,275919.542743718,264460.502043512
66117.9803891118,41422.5787246129,6880.74762376753,131277.825575301,195501.098781667,23449.4293814833,113628.615253554,319893.225937263,46422.1257396334,133091.381562605,473103.387493263,1061020.809534,44254.662674218,116526.330972132,1470.21544962434,75793.0970814189,1441777.26875202,195525.450648291,4233.59152417931,59181.6482239366,293000.378439108,0,89913.2177718424,465518.388525805,2933004.95149953,73502.6311405475,86989.7666681929,38093.708157766,165334.369093114,1030786.41509845,324671.936879882,45831.2849881361,38757.6101385647,145220.278414465,48954.8500660913,1401513.98895748,67534.6043133962,82003.1347090171,108445.377078331,28998.3935103248,21179.6649805948,1009150.39014196,345133.974719058,68062.3964414284,11264.0173291062,31060.6721587875,526214.887810219,56937.3004707935,612364.645231493,106169.43243187,421860.65318852,1703795.3608461,19065.9538730407,2486695.98095228,180607.122568981,53721.1928481084,884102.193303152,172660.295075813,53864.2482250371,182134.717807893,101035.570581771,1400447.09762688,212760.400002297,36709.2511322085,1890981.30838588,1142436.1070132,67000.0752686501,1105999.5217165,211500.664240258,17728.796437349,637680.852615023,129777.288956849,179086.26991084,29999.5075471526,220874.169915077,467566.874661983,521485.708496521,154415.517350264,1011766.01641571,142614.205719903,377360.024567025,18313.6944317098,55283.2861683802,713454.870282178,202652.770121663,40082.018455592,173735.135097729,169786.458352577,23799.1835926377,40277.0103160588,2286403.17073967,105340.968166655,101696.379973042,125821.250387488,160099.088552277,4818.10221162246,88269.289614162,1721233.14074443,22724.8126008611,38644.0859878974
