"060405088800203050","060608088800402041","060608088800402061","060608088800402004","060608088801401004","060608088800402022","060402088800801037","060201088800802102","060305088803003009","060201088800802255","060608088801401058","060305088803003240","060402088800801063","060608088801401112","060301088800301094","060608088801401139","060201088800802072","060405088800203323","060405088800203089","060402088800801111","060402088800801059","060301088800301216","060204088800402266","060303088804202010","060405088800203245","060608088800402172","060301088800301177","060207088801002041","060608088800402097","060305088803003207","060305088803003174","060608088801401252","060204088800402103","060303088804202055","060201088800802042","060303088804202007","060305088803003273","060204088800402200","060608088801401220","060301088800301040","060301088800301246","060207088801002061","060405088800203167","060402088800801025","060204088800402176","060402088800801099","060301088800301076","060608088800402079","060301088800301058","060201088800802194","060608088800402139","060301088800301121","060303088804202019","060608088801401166","060608088801401031","060303088804202082","060207088801002119","060608088800402115","060303088804202001","060201088800802225","060405088800203128","060305088803003064","060405088800203362","060608088800402154","060303088804202028","060204088800402127","060204088800402029","060201088800802010","060207088801002175","060305088803003031","060303088804202064","060608088801401193","060402088800801058","060305088803003075","060201088800802164","060204088800402053","060201088800802133","060303088804202073","060301088800301140","060402088800801013","060207088801002001","060608088801401232","060207088801002137","060608088800402133","060301088800301021","060207088801002101","060303088804202016","060303088804202037","060305088803003042","060402088800801001","060402088800801049","060204088800402151","060402088800801087","060608088801401234","060301088800301002","060608088801401085","060207088801002082","060305088803003306","060207088801002019","060402088800801075"
0,1113084.62630825,1050994.14461244,1103572.0650835,1029363.02982116,1031546.53707186,1051212.90616185,1111186.61360413,1126522.58939701,682914.259059493,1026500.27727737,1086640.16799051,944020.445285476,1056701.34522434,1068435.09404658,1036767.58639117,1018300.50974991,1088659.9680505,1076955.23709178,1070724.21779668,1103155.510771,815006.982694536,1022905.42634469,990255.147839818,1021856.48822921,681430.720246044,1025070.97518155,7089458.47773563,1090790.4261203,1076915.57726535,880291.419911152,1047166.47974441,1107163.63122969,1123245.72626779,713017.610277659,977119.062921525,1699711.33060601,885918.296907082,1062022.1805281,1064109.51225216,983509.719041927,1021814.57937836,1079037.77355333,1048601.48672178,456393.608215958,711693.48594751,999603.893252655,1015645.13183717,1095039.17207966,421539.418438045,1139087.60095117,1096511.57707406,921486.560792492,1037761.23091793,1076757.90767993,1069241.00171679,1062181.77213579,2237363.14177411,1053467.92721277,1015341.38275676,1127861.52049931,1146248.6234145,1028932.7148561,2206026.6175147,913183.734563713,1072628.685129,1061374.79821148,100976.241292146,1117756.92164954,511357.871719804,947206.095949341,505625.313384547,1021675.32231457,1128403.99282263,100220.843108847,29579.4788955978,1235051.74770027,1034571.76680772,1129819.18876829,2705076.17579623,1004683.62172952,948940.272146087,1103739.98845013,1098171.35008845,1065211.83106731,1007744.19226332,1064997.15047479,904309.487095663,637531.339357416,1047400.57547413,993758.037213531,948864.485415609,323234.194908863,1027744.91125751,915840.026454893,852820.022737481,998011.755529562,593229.762225605,1016533.9956673,1107085.46979139
1113084.62630825,0,105957.435190368,33581.7173684818,86312.2417263026,106564.867723485,67708.9498537246,24935.854116706,16978.6215963914,469265.242222704,122592.673317655,26476.6803376791,275275.136627693,97676.4877902775,80884.5954823435,76822.1670320435,154725.680993156,52863.1235976628,42622.1679869169,77648.0526068583,23122.9258172645,303195.306530231,147719.917539717,198458.080329377,149310.523252541,437902.645548804,144438.83629191,8201960.36198632,50000.4135046103,68967.8214971136,232818.819343939,111550.151616648,29335.4753973096,10382.207798424,403507.16764503,146739.44016593,2812303.18995075,227376.633686282,90022.4827497397,87036.7975389372,129624.368541279,149374.18417404,66018.0698635631,66753.1899146351,657903.820499027,402955.81726858,118320.636167555,158787.297619727,32199.7412067403,691645.340608303,26034.6691658802,27552.7001240917,219193.978991473,75367.3946640899,58782.3473874904,46662.1845960854,79874.0917242204,3350297.88131457,76278.3296395639,159253.269286361,17370.4896955817,2258042.10734508,138616.465580107,3318216.48272753,274476.386364116,40540.0720529212,71998.6846375549,1016084.95796765,19188.959930255,612217.062360269,166697.086712066,624293.165904156,149585.740896473,17581.2429705206,1013357.65831606,1090118.54655412,2348006.37456373,82902.4194210699,18263.162775005,3817070.41710395,145691.200022819,231362.936238364,22366.6253850572,40331.9240170963,83724.5381049807,160054.403911757,85770.5799106751,209465.722114609,482159.737740688,111207.231854656,142823.575022024,266898.43285654,792090.130227718,95719.9202500999,197953.603459921,456616.05434824,186173.066391904,520845.956055052,97502.2316480106,18158.6393973614
1050994.14461244,105957.435190368,0,75521.5017377775,65841.6142832669,25179.5868448293,56729.2751494857,86154.4094270031,107363.503638069,385689.082479109,24568.9682899991,93138.9127073366,170142.129773854,8402.93017892879,25495.9819709746,92495.5892120812,49191.5724986276,54501.9118257935,67672.416147629,28807.0218860084,83495.9641273137,236797.876459819,42142.6037080589,93126.3643232391,43743.2864838598,369590.53729869,38841.6741172747,8139542.53201548,57514.7362963316,37722.8150014588,185658.108955604,5660.59869389942,80545.0617981755,111031.559022801,338436.487963335,78597.2292714379,2750156.24982059,186176.078684197,16174.8948784162,19218.3038571013,102572.920992958,43807.2954957525,40768.523899113,66616.9812903212,601942.056275627,341019.74354399,70897.3655562871,53278.2676221403,73836.6702631406,630818.864244297,124549.852264941,78408.4373670432,131968.905776096,86421.499096644,47207.4841055579,71025.2979597877,26549.0927200001,3287099.021602,37389.0347747134,53745.183556776,109202.856552728,2197204.58598234,32975.9085052224,3251138.74880177,173371.476546583,89473.0771758166,36683.1150678539,956693.923098904,95275.5682611653,542091.939096018,121507.717038924,551531.36278778,44020.1914953021,109949.631885864,952447.514059141,1029606.65343509,2283180.90211589,59247.1611344023,111888.712136008,3755798.22204326,48109.6252239994,129233.993476001,84303.1268724668,67937.6785420255,22360.9704781491,55916.0052999682,20508.7335672721,158819.720052455,413646.748469567,5313.61634395073,57442.6286688909,161748.470306819,735154.089226715,46605.9519783783,148541.052610379,351684.716577336,80793.3628577494,467285.677262808,76997.1668538935,88912.377573719
1103572.0650835,33581.7173684818,75521.5017377775,0,74889.8321536956,81121.8072671767,52506.4295560591,10638.4780482615,31842.0421335336,450636.644637642,94979.721568384,37148.873672225,245663.131631995,67127.5865974187,50029.5138564162,77779.2560273018,124713.05979871,21059.1813938174,28152.2153613475,46718.2396466248,11278.7648009658,289889.849812824,117663.070912525,168647.5357829,119264.706642715,424886.078126092,114362.023516478,8193014.76560759,18011.7055012292,37798.7293093898,224698.896316947,81181.8541172287,5023.86275695413,36177.9723027655,391458.060579015,128859.51284333,2803254.9529069,221026.726570072,59346.6526619268,56307.9959107857,123000.667130165,119328.771923053,34756.5707105689,56744.4713902458,649987.929139699,391995.781976135,104007.266418429,128799.021056363,10098.7708292213,682082.256506297,49028.3704470827,12282.7601630037,197597.594072009,73919.4896835646,30411.9377496058,37736.3725887219,51024.5462461183,3340905.38673662,52612.5357533929,129266.666200057,33681.3713274402,2249402.57057981,108497.352504877,3307347.63404895,247551.003104993,46131.1180974059,46056.0141814858,1007474.22712924,19764.8992996168,599102.421866517,156929.175332659,610218.381268632,119541.658129103,34433.519953522,1004194.58291804,1081164.53254893,2337891.74880559,69149.9083999521,36367.2383521726,3808431.25273932,119085.598948182,203761.018865697,11842.4948111862,7584.0583150871,53224.9819044851,131042.214121582,55017.2906924689,199630.174775123,469257.440348318,80834.980764229,119738.789164702,237269.821026081,784088.135950005,76805.8746506556,188151.184635282,427206.168770731,156314.837661681,513349.046813569,88731.0358528046,15460.9845070623
1029363.02982116,86312.2417263026,65841.6142832669,74889.8321536956,0,45837.8678511836,22676.2435529355,81877.2617879018,97795.9283925873,383295.982534635,63386.1261273436,61334.7723171491,207999.964388565,62556.1844351455,59073.7716825074,29649.5373186388,98186.1907610758,64102.3801381877,47606.3626375445,58951.3805413294,73796.9677453892,217258.222027792,92645.1696737935,135905.970033582,93886.0276300945,352171.847749854,90123.0355774637,8118717.66019839,65339.7963861139,59542.3408952419,149859.6222561,68550.6906240832,78088.5000602686,95817.8486630832,318142.820484485,62017.5786172961,2728962.60720311,146176.034525743,60398.0097418162,59810.6646824937,48664.2206248508,93935.8911801199,60048.1967566216,19607.8825739384,575308.871243734,318142.587239986,32209.5876614766,101483.723386653,65854.5814931103,607826.888766841,111989.411397517,67149.3985850103,136305.475862747,24242.0080137933,53038.3613031367,40218.3070899524,50742.378908047,3266726.08076309,34977.8330547613,101864.514746983,99269.7741886638,2174986.45232162,85772.3972614677,3233729.39928406,199306.638190695,49052.0542854116,42330.7964929658,932995.701862064,88452.268273805,526524.529977828,82231.2524232822,538307.322758798,94101.7406029897,99872.3358642162,929867.057368635,1006784.2905415,2263950.46125755,7477.45807112963,101443.36247245,3734033.63540077,77711.5694192373,159271.509581491,74390.1398992982,70465.5204428546,57950.3340440434,98347.6075400437,59605.9179185424,125080.050932389,396494.265784871,68374.2775330174,66070.3552163037,199964.750228604,709446.887240157,21587.1943277042,113561.688355515,385547.970254272,124908.20450577,438573.308264125,14612.8490584213,77849.7667118606
1031546.53707186,106564.867723485,25179.5868448293,81121.8072671767,45837.8678511836,0,44762.3931363936,91291.1579997502,111833.48927708,371043.020483963,18381.5905502567,88293.5013728256,170394.735088038,27049.1771155658,36961.6426397454,74855.773614326,53808.7753878052,61481.475413981,64444.5969933867,39454.132335922,86326.1742843103,216604.705524212,47689.4227064043,94903.0630696366,49057.0708030774,350542.769181123,44917.6069523664,8120620.18659489,64243.2399740023,46674.6167964871,161885.65621787,25452.3456412473,85912.375652976,113567.872832567,318557.969929523,55561.0966977078,2731044.75759392,161847.114683857,30785.2925406439,32637.9908871676,77695.4079660084,49112.0441085124,49268.5080569756,52815.4966305181,581016.485058474,320523.642479555,45779.1207407098,57454.2390514825,76342.7299232085,610792.15312965,128638.358008939,80136.6951069527,117139.581121532,69007.1863765685,50727.1192720755,64126.5555168876,31607.7985054485,3268227.35862832,30321.8904722714,57874.4716411112,113626.561488254,2177791.57135912,40189.6935220216,3233069.57793829,167912.889598937,81048.2416854535,35254.1527347881,936689.071252378,100091.443631228,523895.117164177,96756.5438989285,533998.239971775,49295.1099538576,114354.924432441,932721.137704768,1009848.21690223,2264562.99835699,40645.2133425231,116247.440524799,3736573.73171988,39198.1670885784,124938.783715691,87122.1008390774,73948.3108116183,33680.0828722122,56071.3235466755,33476.2988433864,135124.921777274,394786.844207958,25399.4153342025,39282.7063915142,162097.56434111,714548.929855425,24500.1684559941,124562.940664012,350974.988435501,83074.4201824481,445734.499928345,54597.5460130379,91670.9957824292
1051212.90616185,67708.9498537246,56729.2751494857,52506.4295560591,22676.2435529355,44762.3931363936,0,60065.3834674179,77337.6071714475,401871.521242202,62994.6889385584,45400.9964081518,214603.117387909,51022.3449652572,42272.6665146027,37939.4805656087,98252.2268475544,41710.9947862551,26238.4934846203,41188.2932052455,52425.4963225442,238151.70229101,91839.104893607,139614.681102953,93286.71179691,373164.666990455,88865.6362278298,8140631.05467741,42791.19901913,39521.2109808257,172219.457798393,60928.6445616063,55954.1560418311,76478.1737353773,339444.070056832,79162.038517858,2750870.51378695,168762.466358247,46470.3288926631,44930.9997571394,71310.3333407512,93344.80003704,39398.4523885003,10259.1358368857,597487.556321799,339748.952946469,52019.428965275,102007.302448307,43847.458023043,629698.431721236,92541.5429216481,45684.1118731853,151614.159848807,32019.733188028,31171.3767503215,21348.6797967437,34734.7990418414,3288565.72024303,19621.5441435838,102439.947968739,78925.9187334589,2196973.199952,83650.5607959108,3255258.28652755,209776.191921447,36481.5216360861,24084.1024007619,955021.238774059,67216.3811156816,547482.434458587,104425.960652132,558947.42665828,93537.8327840844,79571.7627037672,951790.708765692,1028743.20094524,2285650.88284167,16657.809547962,81264.2460116823,3756009.77603805,82797.8940718639,167876.815598305,53079.6968149562,47833.2810233165,42242.5299945299,100821.462690947,44324.9441748052,147136.817001523,417522.549038049,60664.4864278671,76360.2805746257,206358.700355326,731594.149767437,28239.835974198,135650.924866702,394471.666278267,127831.49781838,460845.273372369,37062.7778278909,56903.6588745255
1111186.61360413,24935.854116706,86154.4094270031,10638.4780482615,81877.2617879018,91291.1579997502,60065.3834674179,0,21213.0881286295,460039.345445755,105461.156459782,35625.6251932279,256294.442136664,77758.7239280148,60660.3174868982,81316.8599704437,135345.685946148,31671.1876353544,34282.1079068346,57348.9459902485,8931.53694611301,298142.501882078,128296.715827175,179279.272259114,129897.37003969,433161.380232303,124993.577281701,8200570.60033004,28640.0825879097,48432.2680240215,231648.209490674,91814.716824513,5620.63009929255,25960.2069584008,399504.521414813,137799.179567877,2810812.71227381,227522.677375302,69979.7359092289,66938.9549177929,129205.322682144,129961.410734943,45386.7876031331,62963.0399095112,657166.854124486,399796.300191901,112023.181078825,139430.638067245,16269.022912509,689657.174654106,38397.9912515606,14923.8138420743,207378.087736988,78088.0615096413,40708.9340545337,42780.6558565918,61535.8949314829,3348547.73071162,62266.3822252773,139899.275493399,23052.176344497,2256857.05889698,119130.048882712,3315322.48415574,258056.477916356,47079.8499144105,56088.6169476616,1014870.57376456,9126.95237773664,607452.808939872,164107.852162812,618773.460317921,130174.301650821,23796.5238327486,1011719.93545782,1088647.71091539,2345686.85396163,76660.5721772446,25737.7144193297,3815902.82796308,129490.891174558,214309.374785812,8677.95839308944,18219.7424332398,63854.9830085473,141651.988850667,65648.2256063538,206948.744094143,477525.598627011,91467.8362373541,129643.46378535,247901.673442572,791312.988276783,85673.6465528729,195433.548233215,437838.14862362,166947.365812269,520387.090799005,95198.9175069797,8710.7795761155
1126522.58939701,16978.6215963914,107363.503638069,31842.0421335336,97795.9283925873,111833.48927708,77337.6071714475,21213.0881286295,0,478950.708453393,126447.136356693,41509.1134429642,277505.0097835,98969.2502165984,81870.9952539509,91715.6227272452,156555.060125134,52883.9903653813,51132.2282724454,78559.6640565132,25692.4773007703,315031.336803698,149504.954554062,200489.478932944,151106.709334484,449966.01211093,146203.893751602,8215663.93508879,49851.3035339803,69640.7377902396,246298.660007806,113023.860517633,26818.5083000184,9029.03337967968,415902.834658929,156268.570969251,2825948.7512094,241360.583314779,91188.6631542658,88149.5768543893,143145.667922165,151170.774543283,66597.6311534116,78263.0896771493,671761.831546301,415733.118258379,129142.799505157,160640.927991352,35566.8092831769,705005.00195544,17186.373984201,32264.8803345625,227118.667209506,89652.5076758254,61594.6095059246,57586.2291547767,82599.6363956267,3363841.90043108,82246.211595569,161108.670916228,1839.52372163223,2271803.73539723,140339.349866215,3331275.78382054,279043.048243254,55395.771949533,76595.0543246592,1029794.47216497,12113.0035079871,624318.465579325,179454.186821311,636027.996340181,151383.666345617,2685.48445036387,1026896.06104226,1103730.00658544,2361303.40671132,93469.1006561834,4525.3332536301,3830852.3202736,150344.426498021,235373.808945258,24930.3459776029,39425.8430890674,85059.8682026657,162827.203333307,86858.8419927448,222348.082129963,494290.11061418,112676.976795203,149699.243588218,269111.796238798,805951.5241401,104351.468745079,210814.022821095,459048.165336643,188156.844899387,534781.668860336,110053.51820084,20624.0752888889
682914.259059493,469265.242222704,385689.082479109,450636.644637642,383295.982534635,371043.020483963,401871.521242202,460039.345445755,478950.708453393,0,361486.643428291,444617.754400418,261118.667399739,392721.651071974,407205.245391351,400608.455865824,345703.41594329,432205.939412707,427903.097824391,410033.501575034,453479.211290831,176586.348333253,351291.625447213,312221.96063791,350016.66968233,89198.3634263889,353924.958764618,7762225.02412877,434839.868889965,417685.938299239,256666.297591637,380978.326730081,455072.641301517,478322.140300855,113152.180054391,322728.139295404,2374982.81372718,267959.306697365,399286.334391237,401862.919826733,347069.477208639,349965.764635973,420309.244472062,402665.339183661,272303.259941014,125628.218726633,351107.355331996,342490.159997895,444006.568349718,282149.813793133,494411.291475064,446781.560083368,254101.364973269,399286.943646427,420875.870822101,422620.15955132,402636.051347276,2910301.59175322,398033.730642519,342123.357080452,480599.758365745,1824486.00261274,358631.619202022,2870723.80335099,231379.384013032,431873.738608305,404947.797540585,595402.662469838,468146.154881641,175903.527491799,309018.409246129,177815.762698378,349796.641879559,481267.485149623,588274.187289728,664668.342223708,1905679.31011642,386363.967745026,483010.208369434,3380763.36814673,337598.365285501,269909.920060055,454202.872801531,443963.569603816,403751.980232081,335589.515227715,402958.957491717,270710.436270183,91814.9381594393,381266.274832456,331762.548776291,266082.271858557,388665.273216305,374617.989415281,280927.454755938,214605.745123905,321366.261302753,185062.503977013,373809.308181939,458345.305249212
1026500.27727737,122592.673317655,24568.9682899991,94979.721568384,63386.1261273436,18381.5905502567,62994.6889385584,105461.156459782,126447.136356693,361486.643428291,0,105724.125531724,153091.773904126,31235.6158424604,46578.57595922,92759.5510288958,35435.0731495783,74374.2882931727,81234.6757119764,49682.6615425208,101390.534534529,212534.19445504,29418.964189981,77001.4786723872,30742.4622222222,345081.651466399,26762.7960475618,8114993.19927484,77318.6773940433,58157.4096121455,163809.627365061,20790.7722233298,99928.4408409549,128957.483534624,314057.021996778,56931.0167100514,2725621.51918088,165223.253304149,38033.3499512188,40782.6909446904,89204.7842331839,30796.2405657438,61077.6621521611,71189.8405234541,577781.928211631,316784.639963611,56870.5731709284,39080.9703396643,91412.2379313569,606428.346729768,143499.996734775,95545.9946464797,107568.769980072,87001.6233783944,64858.3546719463,81789.8933962912,43964.2812005701,3262548.36719815,47215.4353064667,39506.1437140446,128270.497987689,2172698.57715816,22494.1026151219,3226574.12854169,152601.59682546,99091.5514213231,50596.2877161317,932285.277472921,114474.207455112,517526.796698928,102044.650030873,526974.614591142,30975.0767233013,129008.503413985,927992.833526329,1005155.10429851,2258620.44859528,58684.5522712383,130933.820457679,3731271.51908826,24448.588016591,108989.257889161,102197.5405931,87525.0745001877,43103.400120778,38114.4049654558,41962.7812606693,136984.443193192,389116.533524487,20998.005862546,33410.7638071038,144752.153901608,710888.673240819,41801.0433368765,127168.767826739,334136.20104988,65020.9678336013,443384.409006709,70604.7520023282,106815.042275822
1086640.16799051,26476.6803376791,93138.9127073366,37148.873672225,61334.7723171491,88293.5013728256,45400.9964081518,35625.6251932279,41509.1134429642,444617.754400418,105724.125531724,0,258663.455729398,85443.4427337785,70264.7847231652,50434.7950213096,139861.459185349,47609.525161409,25488.1179764098,67431.5051444323,27410.3583995005,277321.175916666,133056.063695214,182689.934333208,134599.955666881,411877.344435089,129878.527268103,8175490.01748794,45649.8378578018,60043.6740276249,206398.732603811,98392.6987394744,36047.5562946423,36749.9824664281,377355.985158269,122872.898918969,2785836.64247979,200904.002287388,78438.2749631617,75743.4904818363,103237.373187655,134661.741704073,57622.6984409989,42200.0167932092,631430.757198061,376676.255257384,93541.9096161948,143816.389662842,28843.3485779014,665216.609034956,52447.4692661583,25017.4449878363,196426.484563103,48898.6029341653,47924.2253891376,24333.8247526699,66688.1298972742,3323838.70620223,58538.0164838448,144269.542408314,42482.5713886768,2231570.24578448,124249.234516305,3291826.63155822,255038.554227877,14081.2646535276,56670.1836263287,989616.501535402,36803.654058117,586149.67071115,140522.21060055,598381.942098726,134867.052014426,42898.9321470139,986902.567369811,1063656.52636121,2321577.13218785,58886.7400514184,44003.5908683538,3790597.57623451,127267.557454341,212808.848226041,27336.4914589334,39966.9314272146,72336.7920033443,143823.406985413,74606.8992179983,183208.896177915,456097.969167945,98069.4374205689,121758.420899873,250352.828293161,765616.735171792,73537.7525749795,171712.655915633,439188.859445418,170610.941442903,494371.843439776,71615.9923730212,27358.4697228643
944020.445285476,275275.136627693,170142.129773854,245663.131631995,207999.964388565,170394.735088038,214603.117387909,256294.442136664,277505.0097835,261118.667399739,153091.773904126,258663.455729398,0,178535.858377351,195634.220380765,236637.444532813,120951.207893487,224631.748499298,234325.199288045,198945.591369407,253354.871749738,186745.592193731,128004.241118881,77015.7951540149,126399.477227482,281821.044118732,131301.122918481,8020375.75166126,227654.409960874,207864.61031185,200433.153827744,164481.817987154,250686.680144687,280982.133597834,262964.281766857,156471.421088052,2634545.64813266,210920.376711841,186316.8326557,189355.621283203,204786.837522964,126335.410386024,210907.758379301,221311.157412551,518286.269382765,271864.044561382,183787.922761913,116864.123995636,243519.021741791,536751.28666044,294691.30526991,247903.275390271,102398.076897664,231909.08369005,216708.578354895,234517.25594086,195510.863238975,3169128.66387158,200271.789257257,116397.688572364,279344.355167338,2084850.86605737,137166.647714909,3127489.12724173,38875.7043715975,251084.555668018,203457.783082505,855778.377493877,265413.278992182,434843.112287043,185317.108192637,438615.016503946,126122.514203942,280087.745184213,849028.301439644,925588.452026662,2164516.96047925,206017.818725758,282030.20836991,3640176.38306171,131822.189757101,50883.4561683764,254164.062014535,238079.347488404,192462.775456282,115243.195008106,190646.32764408,184567.337080745,319823.293409362,164828.703354551,142234.486084594,8400.6019023458,644021.567457364,188608.596175677,183891.848847157,181544.342719269,89350.2109765124,397980.003411094,208193.693769813,258794.132150008
1056701.34522434,97676.4877902775,8402.93017892879,67127.5865974187,62556.1844351455,27049.1771155658,51022.3449652572,77758.7239280148,98969.2502165984,392721.651071974,31235.6158424604,85443.4427337785,178535.858377351,0,17098.4551004893,87823.49510262,57587.6489036566,46101.7759652536,59957.8081663541,20409.807604758,75149.0027916946,242111.924596896,50541.222047348,101520.577581356,52139.4679985472,375388.937847791,47234.8768535601,8145469.23322368,49118.6631411888,29330.1986250904,188907.718635847,14060.1481632732,72151.0666606686,102664.509625396,343915.330831597,82297.9720548385,2756006.95141939,188879.248421628,7788.70817111089,10820.0324399129,102323.193598764,52203.4918181955,32371.9675754792,61145.6192114083,607006.45141269,346243.294598578,71463.6035257149,61671.9529145452,65524.8813794744,636278.213557839,116155.505345298,70127.5273721066,138767.456670598,81744.6787792997,38986.8922164355,63862.9777490775,18768.3852951993,3293037.95606887,31414.2548942098,62141.1933942764,100808.596296067,2202939.99265226,41372.420262999,3257348.29233459,181562.208734933,82392.0711166188,29460.7289970077,962178.275668734,86878.6075041251,548208.038855788,123681.296703205,557854.577805779,52416.3972775151,101552.93085328,958043.750185238,1035192.54633706,2289204.01304956,55571.3454885794,103494.437260463,3761610.37468591,55407.5099930088,137465.250228392,75953.5272456539,59543.8682751866,13998.1438776489,64220.1744029193,12110.5885401316,162130.846786534,419520.898567302,13713.3036598833,62954.0652099922,170142.988820197,740372.722423457,44977.9847982597,151602.300978837,360079.451870498,89189.0436877552,472031.498772573,74706.5689049314,80559.5009520509
1068435.09404658,80884.5954823435,25495.9819709746,50029.5138564162,59073.7716825074,36961.6426397454,42272.6665146027,60660.3174868982,81870.9952539509,407205.245391351,46578.57595922,70264.7847231652,195634.220380765,17098.4551004893,0,80210.8140072155,74685.7844627858,29006.7990459118,45007.5662645605,3311.57023479928,58188.6073068293,253450.670472197,67638.2780509537,118618.975383342,69237.5121880185,387493.440481844,64333.2808670148,8157553.84967678,32020.2679602483,12234.9923478388,196472.420560999,31155.8341715089,55052.9572373565,85634.9952274067,355426.194164035,91770.7452375819,2767963.93481451,195388.011556992,9325.74510178523,6278.74842298719,103929.952334266,69301.564262315,15273.6417062539,52451.7387262641,617546.119706724,357256.820197062,75540.1070913805,78770.3443267569,48686.8887004059,647592.443507421,99057.2076752406,53369.0701380008,153106.004888454,74273.0189662453,22648.6403521986,50466.8851852706,8381.54679631748,3305167.084262,24190.8304043993,79239.3508698253,83710.3285834041,2214674.26565604,58470.3239239056,3270025.83033439,198298.223262515,68890.7218716356,18211.1920443371,973476.751530671,69780.3855193273,560847.636114916,129684.797719028,570899.322683598,69514.4552755049,84454.6655645391,969566.666608288,1046685.54565972,2301517.61838685,51615.6975721059,86396.1663905758,3773478.33617737,71027.0129543623,154283.955759509,58989.5635158887,42445.9423337816,3501.45131542271,81193.1208958275,4988.01120674786,169960.307398667,431743.131441873,30808.9926586083,75831.0041652824,187241.37825862,751180.013283505,46421.7021963224,159030.877170523,377177.847075947,106287.306926146,482005.045578458,72866.1874173398,63578.8516794331
1036767.58639117,76822.1670320435,92495.5892120812,77779.2560273018,29649.5373186388,74855.773614326,37939.4805656087,81316.8599704437,91715.6227272452,400608.455865824,92759.5510288958,50434.7950213096,236637.444532813,87823.49510262,80210.8140072155,0,127759.352520323,74840.0744471006,50430.8571146385,79079.8583532421,72408.1138886032,230011.341098583,122117.836192406,165379.375980986,123385.042167568,363798.861515634,119522.145865459,8125390.33799707,74906.7300147161,76667.5413212387,156872.745661966,95931.0350829823,79294.0950701934,87151.6239733403,328864.475233352,85669.4754221857,2735783.86280724,150858.022537493,84016.8131166778,82677.5122902478,54531.8537020897,123435.959342315,76062.7603384859,27828.9564407997,581306.362008822,327682.270245411,55083.0962804086,131090.720250999,67694.7505476056,615455.8611236,102612.442549737,66839.1209870687,159852.40291904,6091.55012740885,66587.4435016649,40396.2220743591,72579.6109866434,3273847.66875816,56974.4877182389,131476.877946374,92790.9321261306,2181452.13166502,115010.318688675,3242201.06468497,226192.379041525,36379.2030942058,62016.6190229833,939558.375445141,85296.4617052608,537815.278554516,92730.3420330255,550543.163768499,123605.320834502,93230.022978095,936962.146526415,1013659.75636296,2271772.25189527,34234.8632066607,94403.4917737722,3740459.94177008,107195.804117745,187314.040301294,72730.6552733612,76065.8871319549,80103.7436879775,127977.763409559,82137.2717477255,134673.462823745,407856.01768845,95714.4226687625,94408.6815375999,228691.401630771,715478.117018028,51086.6697792937,123310.619049476,412874.987503663,154484.214537197,444218.811092637,29533.3087265752,74734.1501323142
1018300.50974991,154725.680993156,49191.5724986276,124713.05979871,98186.1907610758,53808.7753878052,98252.2268475544,135345.685946148,156555.060125134,345703.41594329,35435.0731495783,139861.459185349,120951.207893487,57587.6489036566,74685.7844627858,127759.352520323,0,103688.246662401,114808.917540611,77997.1191178761,132531.278373908,209747.941083463,7060.02402431996,43935.6182042969,5448.9004630183,337812.307130478,10358.1241694418,8104901.67343154,106705.758095614,86914.3535120893,173691.020193757,43531.2314546296,129736.619843374,160125.765273724,308976.392743861,74299.9328935847,2716141.07396618,177630.93239803,65366.4234428996,68407.2615775696,116852.903503204,5384.52225953755,89959.186276257,106611.104251291,573837.791114737,313194.009801737,85960.4480896784,4101.89924800419,122765.479891063,600190.296645797,173741.412801215,127235.693554427,97274.7450332593,122103.264211307,95981.9044363889,116351.65085508,74853.0529348753,3252516.19461848,81488.1337298239,4554.01841745842,158394.412905913,2163945.46083765,16215.7658913494,3214952.22442818,125915.013053822,134046.723234991,83518.549318821,925435.524560201,144466.154317574,507563.87906012,120311.439352293,515666.84429259,5171.73726424599,159140.433641678,920511.123716223,997666.966995006,2248192.96082392,93898.1564419834,161080.275114501,3721939.1251986,26829.0483784983,81678.6956889899,133340.589208071,117129.236112155,71521.3069426822,10620.6947208945,69697.9520054372,147750.236279616,381126.576568709,43878.0939993435,47381.1567811616,112557.101153819,705806.371378127,76676.692415346,139687.084059542,302493.185800115,31601.8583380578,441665.031248848,103907.352694618,137963.020495453
1088659.9680505,52863.1235976628,54501.9118257935,21059.1813938174,64102.3801381877,61481.475413981,41710.9947862551,31671.1876353544,52883.9903653813,432205.939412707,74374.2882931727,47609.525161409,224631.748499298,46101.7759652536,29006.7990459118,74840.0744471006,103688.246662401,0,26486.6672544035,25696.5800970197,29805.9997024324,274051.953280234,96642.9427472045,147618.34164142,98240.2462817371,408838.672942769,93333.7062915142,8178089.39461691,3109.76630601452,16804.034356478,211855.416019807,60161.248495559,26077.193855854,56862.9396090166,375922.515711917,112051.332642647,2788364.63027593,209177.836387074,38331.734705711,35283.8122157701,112699.612175571,98304.261419782,13743.5216294451,49127.481066227,636072.827518183,376974.37526255,89782.435146328,107770.380848883,21123.4531668353,667343.714235709,70067.5461957818,26001.7473487643,178538.981782671,69833.6425533125,11930.8111661316,35870.3249774028,30482.9522280349,3325837.06537281,35238.6027614835,108241.613329345,54722.9654744844,2234732.90759498,87473.6299678722,3291617.46402806,226806.02018033,51177.9124135308,27546.7714215597,993017.864388934,40783.5991435873,582804.216145717,143998.345162731,593493.04785657,98517.1515969099,55457.5416703676,989477.935796398,1066520.86618018,2322539.18224107,57296.2508138337,57408.2931586324,3793696.92391978,98646.9585836584,182928.691622671,30573.1825980182,13491.4152510107,32225.4618644651,110069.167313079,33993.3792427948,186101.611771372,453193.459954634,59814.4146274137,100592.772802815,216240.178512042,770030.063573346,60963.051430004,174761.191013152,406176.072143062,135288.675953072,499803.487386858,78651.7556547287,35058.9719630001
1076955.23709178,42622.1679869169,67672.416147629,28152.2153613475,47606.3626375445,64444.5969933867,26238.4934846203,34282.1079068346,51132.2282724454,427903.097824391,81234.6757119764,25488.1179764098,234325.199288045,59957.8081663541,45007.5662645605,50430.8571146385,114808.917540611,26486.6672544035,0,42300.7457014254,26277.1503852545,264305.497734857,107942.230470682,157970.131023841,109499.212938499,399306.389368728,104732.214369691,8166320.0271437,25684.9312279838,35525.854284714,197372.810621452,72958.2966887473,30745.1162102867,50732.5833142161,365487.675423633,105181.53342772,2776564.10395968,193345.585890056,52995.7527483168,50338.7531547314,95117.214656831,109561.531118698,33441.5808721854,28786.2188325736,622884.792170699,365648.652853075,78206.6047449998,118798.094817491,18479.771968527,655420.813579736,66637.1089271106,19576.0553271444,176794.89419098,46150.3925737657,23221.0150780059,10057.0266126528,41202.0046434287,3314318.16210927,34165.0298993404,119256.260723024,52741.8524330752,2222591.24087267,99050.082068161,3281217.37422963,232200.085624715,25139.5206537555,31348.7289937457,980599.580101597,41035.1625376996,573638.517154444,129832.311525048,585158.865510688,109768.763404995,53397.4375051183,977469.112696147,1054388.73593332,2311506.26963009,42610.787637332,55118.0510905736,3781638.59132814,103639.014219789,189381.030039657,26903.9183910664,25643.8788408295,46943.6338683773,119195.588763182,49224.5540456117,172685.047927566,443657.36024594,72632.7377976548,100202.013027214,225982.595073547,757031.193940292,53471.9802777183,161166.02527571,415278.605803486,145808.508253304,486110.331941943,60980.9885501939,30666.2958620928
1070724.21779668,77648.0526068583,28807.0218860084,46718.2396466248,58951.3805413294,39454.132335922,41188.2932052455,57348.9459902485,78559.6640565132,410033.501575034,49682.6615425208,67431.5051444323,198945.591369407,20409.807604758,3311.57023479928,79079.8583532421,77997.1191178761,25696.5800970197,42300.7457014254,0,54913.8638041338,255720.641117948,70949.4691415324,121930.342648549,72548.8596263811,389880.908689606,67644.6528047309,8159896.29790567,28708.8862890685,8925.74951525388,198074.699369329,34467.0229166525,51741.6538447048,82340.2613444266,357707.110097154,93855.1567623602,2770285.8250929,196795.42616063,12635.2141847587,9590.17587009138,104561.943747692,72612.8878813478,11962.2433783232,51259.2471278437,619621.108216335,359444.772698095,76746.0138161132,82081.710565909,45448.4560901591,649812.854354562,95745.8584347223,50150.0538427645,155947.214587588,73200.4754323739,19634.6815464094,48144.3289463039,9122.69910314181,3307521.15577008,23979.0643675545,82550.6847459836,80398.9972535948,2216954.85522255,61781.6560451688,3272485.68461116,201546.450913821,66467.6590176505,17186.4221115571,975684.390092998,66469.0884613335,563322.699665178,131073.68709626,573450.271075182,72825.7872665112,81143.3311979051,971817.240325692,1048929.00522476,2303909.40137951,51474.7742568557,83084.8247154061,3775781.39146777,74127.4514450212,157548.119136792,55713.7330153613,39134.6937471124,6653.62866506584,84486.041595311,8299.43457821983,171632.284703022,434148.225930349,34120.1512285642,78511.3331628228,190552.751812961,753299.954022,47414.2644411278,160640.282112116,380489.220687888,109598.660965025,483982.646318666,72968.9755950025,60297.9756339146
1103155.510771,23122.9258172645,83495.9641273137,11278.7648009658,73796.9677453892,86326.1742843103,52425.4963225442,8931.53694611301,25692.4773007703,453479.211290831,101390.534534529,27410.3583995005,253354.871749738,75149.0027916946,58188.6073068293,72408.1138886032,132531.278373908,29805.9997024324,26277.1503852545,54913.8638041338,0,290560.625307386,125496.139502797,176399.763720028,127094.287719078,425567.446885242,122202.659120854,8192492.35937588,26901.1040779805,46119.0135809987,223377.595864426,89129.5749075255,8749.75239686244,27642.231764518,391762.034284653,130909.796285497,2802740.51423013,219080.904213291,67422.2458846758,64408.0651334864,120721.475358232,127158.208729404,43130.6208343128,54642.3978387,648939.25903056,391905.029551755,104435.301406066,136609.291383765,10005.6652182507,681618.133953902,42312.4508910515,6749.13609624748,201435.272880426,69230.7403084077,36686.5115817173,34222.2695127658,57885.472947801,3340518.07772036,56578.3689679125,137076.090934923,27437.8679788856,2248735.35635649,116352.506024882,3307480.87007245,253872.162857247,38280.2379475004,51144.2409196966,1006731.84883154,14815.1467513217,599894.188973157,155975.262326405,611368.623849192,127370.639360081,28157.0968758035,1003644.81729129,1080549.95805474,2337743.25774072,68878.753994204,30006.7240169551,3807785.53316341,125056.028601373,210377.972737329,890.141558298227,17300.0812661437,61155.6719872245,138304.79381037,63128.5631386392,198855.145151962,469920.844907735,88784.2388816255,124016.246864274,244966.330504655,783100.664213375,78868.2823168285,187329.737636815,434840.118895527,164082.045491401,512106.441417114,86860.3607347773,5442.27937824361
815006.982694536,303195.306530231,236797.876459819,289889.849812824,217258.222027792,216604.705524212,238151.70229101,298142.501882078,315031.336803698,176586.348333253,212534.19445504,277321.175916666,186745.592193731,242111.924596896,253450.670472197,230011.341098583,209747.941083463,274051.953280234,264305.497734857,255720.641117948,290560.625307386,0,213139.586949386,193126.029115535,212352.829324754,135019.61407826,214788.561345383,7904264.61483348,276284.035946848,261944.169316713,80081.8614370418,233317.216477368,293769.966464344,312935.353805364,101991.119358526,162181.993066268,2514608.42284928,91515.5141132979,247188.74214562,249210.680304533,175509.17602889,212321.559661415,264104.224432775,236840.429229543,365316.16986844,104258.975293663,186140.329197745,207867.278866129,281878.214448198,394206.465154355,329083.632161223,283826.401449069,113981.484483743,229628.0798281,262181.599890586,257472.202609574,247179.665195323,3051934.91251474,238828.955983119,207655.456160603,316520.490007007,1961234.59350845,217810.134611698,3017600.67180257,148077.562910594,263784.577626104,246627.795441117,720109.737523257,305338.474449727,309333.832966835,137295.461359937,321099.732865599,212217.79440356,317124.997528855,716119.703115094,793244.13073942,2048514.63064057,221701.928409053,318701.549006539,3520073.12419311,192131.478260388,160479.136718476,291204.027949843,284100.127641784,250245.531622908,199211.556286041,250075.309688645,96086.4309119954,179385.17029584,233528.074820164,179358.76453414,185907.953074123,498361.27351516,213354.75306849,107066.560073967,275860.44170406,196945.584401378,231955.243344463,205733.052535877,294895.503456208
