"030304088800906134","030204088800906123","030204088800906048","031004088800408120","030904088800702148","030204088800906078","030504088800305170","030904088800702004","030504088800305021","030304088800906174","030604088802001091","031004088800408183","030304088800906161","031004088800408024","031004088800408141","030804088800503079","030604088802001031","030204088800906003","030704088801302087","030604088802001163","030104088800901014","030604088802001037","030204088800906160","030304088800906010","030204088800906093","030204088800906033","030304088800906149","030604088802001073","030704088801302038","030904088800702076","030104088800901126","030504088800305051","030904088800702022","030604088802001001","030304088800906110","030204088800906013","030804088800503110","030704088801302003","030804088800503125","030504088800305066","030504088800305126","030304088800906077","030504088800305081","030604088802001019","030104088800901030","030104088800901199","030704088801302017","030704088801302150","030504088800305015","030104088800901078","031004088800408162","030704088801302066","030804088800503051","031004088800408100","030904088800702040","030804088800503142","030804088800503003","030304088800906059","030604088802001109","030504088800305036","030604088802001145","030804088800503018","030604088802001055","030504088800305002","030504088800305111","030704088801302108","030704088801302192","030704088801302045","030504088800305141","030804088800503033","031004088800408004","030804088800503064","030604088802001127","030104088800901054","030304088800906122","031004088800408067","030304088800906051","030104088800901102","030704088801302171","030704088801302129","030904088800702016","031004088800408080","030904088800702036","030304088800906012","030904088800702130","030904088800702166","030304088800906098","031004088800408203","030104088800901006","030804088800503140","030204088800906063","030904088800702094","030704088801302024","030804088800503048","030104088800901223","030604088802001013","030204088800906018","030204088800906138","030904088800702058","030104088800901150"
0,242956.260383223,221145.253036399,312597.56365781,351796.161554668,173576.811816997,204296.093608456,230972.450810126,206529.743777787,53965.5899381595,34425.9297469357,152395.728374591,156067.289938939,290683.223358681,91786.5980881992,318798.191886316,180190.356089033,127088.547208242,163032.403087252,207164.324773527,283359.56777955,327003.635492855,286542.702398936,247406.843101428,139327.145411858,189467.653991259,395531.397627238,268626.462733926,262616.454595543,289986.954208262,141153.48284902,190836.682902991,260180.744862884,26724.108916854,684264.386508672,177253.210112488,323431.26415599,78919.5388350314,96208.6410087342,193919.052589971,236164.897795773,167617.465571614,70318.5954130912,274416.194563663,223448.02692562,235942.833548664,247077.269014116,73899.2447548997,163864.951096577,1015242.4018445,181678.434880562,278884.820871982,287854.255092886,308793.455358965,229068.453268188,240040.919242359,191145.689412693,291465.871611453,213884.291443679,296886.253161995,254343.073797251,208023.865171394,190892.978939563,220732.527179417,87008.4974529278,68425.2651401107,224961.614498479,236192.958037016,226481.618601644,263754.465957531,268074.766659779,225540.368693741,278397.299301135,305670.085442248,1794965.7754748,323148.420533805,297031.858809605,319054.350969761,33032.5598027068,251267.256165593,293071.299654334,307387.618874033,317939.680196483,44586.4279789709,140239.895930168,168885.323679344,209324.950785104,653611.046715565,313805.594292415,411438.088213676,290329.700397156,187349.073318058,74538.5046685152,268503.286876285,107038.828769813,131611.112840096,166069.919291912,220359.446018943,127699.410545177,304290.675174857
242956.260383223,0,313171.663046004,74517.6457967251,588793.75621404,380631.914288103,85440.1201208441,59188.9882058129,87410.8103501151,296534.925740298,234472.301949154,393885.255337278,391663.799475195,49591.5092600342,157321.140536658,79529.847588051,156484.632932285,122338.736999383,84150.9644838952,45137.353585165,40512.8178260936,89073.7700967877,44785.1337389619,473210.526982812,186427.474174075,131258.679042496,634759.727566992,38614.8813036309,40092.0362167527,51748.9054312435,380206.734921422,63250.4187157509,21287.6553420808,254633.09262325,926299.578393628,106450.532772222,84915.1447945558,231153.015018004,338158.87640593,62322.6084473375,51536.9221213026,79983.2761145079,182040.790689439,31461.9074456716,71612.5179406085,38153.3541636956,38218.7975136363,169279.257530767,84188.1495131095,1257139.42930489,61489.3092112349,40005.7989917093,44904.5648111146,67961.8441129283,62182.8176602352,46337.3010679525,176935.481773856,48653.6124119598,434411.744953155,54515.4385244833,32180.7399664081,103163.742660085,52845.9635893713,76502.9775744617,155995.256381042,244235.474211928,68988.3722578237,14314.5185696407,29509.2111168281,20909.9064302532,30048.6100583182,468423.337855229,36178.5647626634,67151.3910010775,2037211.67076441,84586.6648000258,54675.9306755995,79826.7471618324,227316.79591102,8517.3560687479,50363.9375213531,66351.4695779619,78533.0083887714,198436.979123136,115784.755708688,74723.9409964344,82597.3474645899,891924.001799688,76789.1960626455,652872.715392727,47455.5601932488,74207.8042168149,299858.169182781,36409.2245747454,138043.706839537,371179.226011568,174324.941137994,77191.7339673921,286837.449694375,66062.2685524712
221145.253036399,313171.663046004,0,383703.397776295,377234.50216104,162172.479010719,229175.124981351,261649.771957978,227934.240801599,225533.187753151,187765.910281983,300060.191310366,324828.599115724,357924.448226384,255793.621385974,386932.247271136,157160.095157597,218181.120756655,280007.617086716,307625.168895559,341022.778185428,397103.285515139,352583.270568775,252257.396635411,133382.211289259,183172.790648083,427230.768414189,351525.981908708,351097.613759486,362836.338968412,304041.721815868,302700.576122063,316807.795513525,198041.953261033,758445.797772442,207026.639912386,392692.649830438,145202.668419561,263076.232276282,306328.773330716,270665.590822189,245892.571086798,254197.956934245,336313.463780833,247754.755334325,280880.049676526,288486.377300372,222024.258205881,242437.509837199,1080274.98047965,276545.349236468,351698.345111229,347065.137862618,374327.779926671,258236.108988536,277151.840299643,138892.843660945,351866.569125856,214744.689747655,358988.052598403,299695.917297635,214245.263298422,284851.857268487,242438.955142684,227916.824880334,152766.321686436,250642.683046159,317171.872242102,284015.241845699,329790.181421758,319829.417783235,335306.0878652,334257.036837356,376607.337616675,1846006.7010074,392341.830933379,359179.574256883,387251.690626506,248287.965451151,320415.255463424,353984.789421942,372537.129605,385859.036492873,223619.506178053,213158.575539294,272376.132590567,233021.697680573,660710.59950782,386680.522219515,510106.880316977,350361.088326098,240272.79288334,282913.768196601,349510.17368287,251202.964796913,295776.455041132,138994.47835945,241693.386963933,99519.9053754268,375880.922190451
312597.56365781,74517.6457967251,383703.397776295,0,661345.159510874,455015.091863195,154563.734568128,122488.898742524,155771.940872551,366529.159594388,306855.620067845,461175.968860399,456224.793804262,25871.8935262736,223299.09238829,7026.32085256826,226572.662301898,196088.523483787,149792.529081303,105650.789486686,43331.4084694673,14660.7697740911,31182.5662099584,547031.231610289,259955.914469873,200537.771516352,706733.228640851,44239.1444995596,51451.2236950635,23062.5338242613,446304.711082815,122969.758093088,66913.634216023,326243.25054783,992676.687762787,178953.047494695,10841.2165088786,305471.189674747,406189.339626228,120349.822861994,113474.933837981,154159.422960075,247696.261492872,47408.5007247442,136383.018176764,102827.296856252,95664.2487495553,239940.193777748,158365.530697143,1323057.18571595,132040.587716545,34757.975559524,37360.6699115783,11450.6199345336,125902.578187828,106989.203490611,245458.433573515,32652.2693143816,508467.741142222,25678.4627765667,84470.8888133452,169919.838492541,122422.699795505,141704.13207365,226490.592675233,318246.888948067,133501.054198456,77320.5921344252,101276.627427026,54952.2206863803,64392.4664632226,537003.860198829,50046.5971886377,7369.1736644155,2103365.12349224,10551.1629848029,25515.0738431867,7143.83034616411,293781.593260785,66192.7119150259,30557.2427794421,13008.6031662155,6588.45161846796,268082.707960329,190218.357667205,144136.109576319,150688.509791417,964340.86053365,3668.36732530454,719035.781148941,34120.426083163,147975.740605128,364024.75653615,44127.8182494531,205793.46636699,437611.779252991,245877.878436467,142447.834784291,361299.258527811,8507.63247187394
351796.161554668,588793.75621404,377234.50216104,661345.159510874,0,224656.782250814,530549.463856719,563055.851490909,531552.739454947,298616.215600032,354509.930289267,226182.331735437,250817.081859936,637992.677412785,443580.685486508,667177.302585934,475456.398259574,466752.469823941,513473.446427359,557171.300701272,628130.007252502,675946.732652449,633440.062705165,126427.031074536,427234.643276033,497185.377219641,50102.2990596967,618083.992323494,612719.448349973,638383.322383345,246664.667092141,541716.993710812,603457.533002747,335386.272517367,382908.03023734,500994.711326297,672138.706733878,362475.243902303,268947.332676282,544947.379857682,570265.749576371,509384.818609444,421389.926242969,619831.015802448,552049.303664541,573817.557224628,584664.640585083,421925.72262206,505244.30207851,703136.88857116,529305.311955588,626898.474816469,633216.236230455,656368.217182983,560339.538148304,575485.045125117,471063.458018718,637268.614395568,166602.299041747,643303.460845573,593817.284503773,526061.016932699,538944.649844484,547870.537864162,435371.237139142,347122.619747169,554323.668021202,584071.585409363,567695.139021438,609663.448723539,610424.427707401,155489.545196953,622455.356928532,654193.64901203,1472441.39467261,671836.870788084,643463.068816343,667452.804590309,377074.362894911,597292.447095271,639063.36353257,654836.959411452,666255.903052666,395226.539753323,475427.863784788,517404.754640513,535790.982886969,303140.48864923,662888.409877642,172739.255627505,635997.250291143,522794.894367669,323737.713088397,617648.473250471,458047.51928587,251266.870903938,453383.104584488,547287.285557513,324116.080701985,652892.621203028
173576.811816997,380631.914288103,162172.479010719,455015.091863195,224656.782250814,0,313120.134490548,346770.77304757,313662.207723473,137567.870721797,158955.801201078,161060.67229527,192513.15175311,430171.866539854,256148.912662595,460160.866385146,252988.948285658,259516.390435531,315246.337009986,356094.057751489,417823.115335553,469632.388161552,425226.021575031,98845.7575257331,205968.034950786,276070.018180291,274464.756551155,414001.969502343,410109.229822965,432033.234467811,172674.421815537,343450.953951028,392500.539478023,148434.707057808,600214.526200242,283957.784801811,465521.29357366,149583.834654684,147990.60209377,347030.034394641,354664.013125669,300883.399041648,239836.640287245,410354.262369135,334717.650377282,360067.255077396,370416.886251086,226435.383516848,296676.121879864,925585.006718231,325480.050929033,420278.326455366,423352.647205577,448466.914738466,343796.529105529,360375.623859365,247043.144749978,427755.943167069,58221.8148811254,434304.924662214,380419.496373436,306289.327323516,335266.416429622,330143.419367784,238864.082717851,137944.655237857,337209.825134412,378487.410760053,356277.763206683,400965.091625045,398544.487540296,177139.191908053,411648.874846151,447670.10178682,1696993.09995639,465194.882911483,434479.898451678,460458.198207072,206196.08465423,389072.027277159,429702.95035245,446809.253805048,459163.952030747,207060.509836297,264856.545801893,315393.507126288,318243.304061319,522158.847174365,457077.802814941,347948.996961318,426374.535473566,309661.756723735,193937.379841386,413020.309695129,264619.394543498,167333.377082806,230644.832611478,329504.275684474,100455.247458737,446518.178808996
204296.093608456,85440.1201208441,229175.124981351,154563.734568128,530549.463856719,313120.134490548,0,34192.8671765733,3491.44045403066,253477.552017518,185137.00286793,355480.687101267,360249.91873001,128763.186618335,141424.813732799,157967.280667249,72018.4497922579,79587.6030279735,95447.7470197379,95088.714724602,112199.724747319,168115.008470899,123419.611103191,409637.761016113,109130.745354073,46142.0065786154,578410.206531325,124028.145058365,125021.021640895,133737.077175138,345354.707398007,100574.984634861,87671.3912080753,207611.609031664,883951.981233096,29577.8042083675,163714.326965768,168136.430893507,299527.558802103,103066.768766083,42790.2256559986,53477.6247814468,162603.614870377,107158.75410519,21614.1627827339,51780.5128904235,60148.3865162787,134831.193839005,54373.054005173,1214665.91470314,74008.0507148182,122745.000547364,118217.259960964,145392.530192019,31001.2699974532,49064.392438655,91643.3931161403,123004.741232774,369560.297048659,130093.945973969,71187.0384784888,19226.1735399147,76875.4010777195,17390.350461535,124638.293770198,183999.524470206,24143.2027324906,92189.5220942834,55934.6783527363,100750.876247102,91131.6140769816,424751.833615563,105466.660944949,147442.88609371,1992983.51593505,163363.148882798,130291.566363663,158284.466308903,200013.479264307,92029.533784189,125107.994599361,143608.959342166,156893.686014419,163956.880667862,64715.909617845,80585.401140936,5318.4396629086,832688.812589817,157514.597587674,612938.357063197,121502.208750939,27863.7132455794,273280.400460689,121741.888273701,121149.034817091,335751.6027642,91684.9636511616,16824.2463811719,214639.803163964,146708.022759736
230972.450810126,59188.9882058129,261649.771957978,122488.898742524,563055.851490909,346770.77304757,34192.8671765733,0,34473.2362172285,281845.740209235,214566.156760854,383153.56010531,386005.667455031,96974.2262246977,159257.729410593,125390.876738037,104930.523591533,103948.906355601,99613.2328101761,83490.4254559886,79455.0880774374,135572.638703531,91659.2571119606,442875.915219188,143295.283817009,78686.3673130653,610622.456778898,96419.7075654432,99095.0193479232,102789.336968653,372012.534631803,94784.3856790077,56084.0495745935,236653.334324808,913449.797131346,62815.9633015287,131155.61243977,200624.193690326,326989.708636726,96220.198193603,9027.1080282007,67087.8489975656,182363.511900226,75433.5776478201,13931.9171551874,21243.370379292,26870.9929451484,158848.470796537,69913.7894798823,1244336.87775782,73884.8238131798,92472.8391215159,85499.1287021244,112778.785951265,3418.59355232054,15525.9010153621,123057.064671017,90302.4365640181,402936.773207908,97435.7740636552,38105.1344258385,47490.3717573741,72263.3092311311,19237.5434435986,147265.665764815,216029.411014029,11029.29732014,69529.0036196004,32508.2743019023,70557.6603183254,58242.3451976008,454000.021007657,72694.6775348603,115567.367670207,2023196.83762808,130806.299366347,97620.4986989403,125711.558640489,223150.534514949,64015.287926713,92429.4036581428,110986.72387475,124319.871280521,188717.572846289,91102.0132542852,84836.9870296634,29447.7793911262,865524.795943971,125616.804240765,641608.037614126,88796.1040394009,43730.1476905661,297054.824551567,93792.5052269177,138449.519939941,362526.471168544,125371.639328998,19986.6484750246,248637.70916602,114964.508100008
206529.743777787,87410.8103501151,227934.240801599,155771.940872551,531552.739454947,313662.207723473,3491.44045403066,34473.2362172285,0,255440.46452169,186962.545605269,357512.642106165,362533.868596441,130015.198064984,144507.692702796,159045.460282799,70855.7351050036,82299.1757300399,98913.9168102691,98169.4687415252,113194.256375482,169208.242747077,124672.3236371,410378.605756617,109175.842420506,44766.3811168629,579501.160582062,125955.588528192,127143.172596327,135167.737998974,347529.234126541,103885.803472048,88892.7957048106,209486.240426479,885639.67265642,30795.2163489076,164800.701094559,169231.542112571,301605.229488636,106352.803145933,43283.6393705825,56896.7548599953,165544.771038814,108395.734791438,21240.7336108865,52959.5875203719,60880.7097100685,137443.079932973,57752.7996260747,1216312.36487043,77410.5944315531,124282.350710339,119225.702858242,146452.529142187,31169.5211044541,49666.4957592636,90011.3008135915,124021.914530298,370243.585974304,131130.115079161,72011.2550030099,16357.6268221819,80169.3574695949,16498.0955999877,127399.677444748,185230.861601227,23948.3922223478,94536.901641379,57942.6181929411,102257.871170187,92055.9694656456,426519.441485235,106444.771274416,148693.314473396,1994518.1455768,164449.902436866,131323.962118673,159363.9126364,202641.87938298,93820.1211504292,126134.063820452,144665.165023135,157972.135540651,166453.645773436,67259.6426709972,84046.9935630348,5110.61433083015,833564.954713237,158767.306758873,614781.019483365,122517.131235298,31316.1109036986,275810.199563717,123619.512570124,124287.214126707,337914.928503711,90949.8038518269,15848.266088464,214926.135889753,147988.016804627
53965.5899381595,296534.925740298,225533.187753151,366529.159594388,298616.215600032,137567.870721797,253477.552017518,281845.740209235,255440.46452169,0,69178.7914288542,102315.258654683,112712.075084629,344495.87505664,145310.555191325,372712.006057207,220202.883447673,178666.242721669,216996.303798598,261120.502960624,336857.097909441,380946.490482932,340308.04385057,198790.096383969,174450.859508045,233400.527164798,341831.408080607,322578.158769249,316579.636725217,343891.333931712,94742.8088213078,244773.853038815,313409.417329316,46438.4579730553,631886.377377786,225293.892302076,377364.222692835,103348.003625534,47521.4753840266,247834.313440604,287521.156174459,220153.282257368,122776.933005825,327987.275710709,273449.740288157,288084.101793517,299222.066781799,127267.897636224,216277.923514648,962857.521455687,235398.361356732,332753.28935012,341438.761839109,362642.409295393,279742.706874539,291707.746718633,227243.001145076,345112.380544427,168488.633106249,350607.756603808,306883.769057315,255191.901099535,244684.30849487,270359.658611524,140557.814817551,86747.6285355241,275159.974148321,290018.014783111,279231.027858101,317376.09741959,321171.736365017,172568.149452593,331782.398135719,359587.030473969,1742265.20204272,377079.598495485,350758.298597554,372968.73954481,79138.1240115749,304886.424398227,346739.394655075,361225.38026826,371847.727297657,98463.8344277544,190753.351039708,222707.424922301,258635.375551562,599930.706479542,367752.435320155,359771.00948558,343957.269058355,238573.970511899,60384.1505814848,322445.124682846,160996.731938828,85015.5520187666,202927.976944494,269930.858284808,126068.672509193,358211.886761263
34425.9297469357,234472.301949154,187765.910281983,306855.620067845,354509.930289267,158955.801201078,185137.00286793,214566.156760854,186962.545605269,69178.7914288542,0,171456.877946486,180464.385929247,283529.533916746,97202.0429017615,312672.645289685,151982.615330033,113235.146232191,160280.100262462,203286.411715387,274157.998821662,321466.959690608,279018.49821128,242505.906361738,108169.520491453,164292.899943349,400291.41595314,263764.363370449,258682.8641087,283884.013978239,163435.951155145,188726.755983596,249871.337292513,22783.3061261905,698999.066607334,156572.920135262,317643.438422894,44522.7185454998,116422.822446126,192126.532962736,220707.906467568,155715.308282179,82108.1202659465,265668.558531434,205515.109209005,222315.002146848,233397.619888563,68915.422082739,151648.91352702,1029831.19981149,174827.724945164,272392.150052729,279099.496192836,301892.598507949,212294.378817462,225245.382729376,160773.408254946,283057.789838876,205932.745638063,288971.121852414,241711.761792515,186170.877265568,184496.966284295,202200.91905534,82055.9541480504,35316.1178632201,207354.953316506,229570.365610238,214666.750707333,255372.020401208,257201.13261952,239651.265495659,268678.417869125,299692.78359127,1808644.13332091,317339.422908341,289133.418871264,312947.006882542,61137.25179703,242956.474483361,284809.115098172,300373.465744085,311748.321701562,48485.768226269,123827.472923245,163120.635598436,190342.191081929,657573.471007464,308434.77493012,427820.414326612,281813.474910786,171912.213954451,106524.744993444,263256.221805222,106800.183811843,153700.605273393,135948.115701112,201741.529293424,97494.5868394917,298396.356179849
152395.728374591,393885.255337278,300060.191310366,461175.968860399,226182.331735437,161060.67229527,355480.687101267,383153.56010531,357512.642106165,102315.258654683,171456.877946486,0,33641.5812134029,440489.802768278,237894.893118142,467632.725337752,321393.037008877,279407.263959817,311664.201648617,355627.482982933,434394.700921457,475284.034215587,436619.982520443,164714.903829583,274450.724070939,335488.078661393,261951.974261998,416942.943845739,410225.922729226,439053.444272529,20748.3603957572,338241.490393568,411796.123500788,148697.728231943,532430.034520729,327495.373244239,471953.970428924,201947.236867369,56195.7409994419,340969.451903064,388497.71081255,319934.412203916,213499.203565246,425273.346984776,375193.999427817,388318.865942024,399450.32442582,225973.21345331,316219.068537466,863325.071713042,332398.081047394,428335.914152613,438638.195925194,458288.964049536,381166.219083292,392426.223063569,326873.248617123,442039.438021846,154636.750742711,447135.321926597,406589.832285669,357492.869436952,341257.372674217,372239.31189278,238772.774082436,184547.938624906,376818.340991732,386147.75492216,378636.913409808,414488.588674416,419856.639844599,77710.0638218232,429694.935929782,454498.111020894,1643329.65466871,471690.501457005,447270.813342628,467872.048423176,167403.078512041,402050.296699665,443550.929676834,456973.746484198,466832.263416329,196113.720134514,292162.545533732,319244.509621298,360605.277346301,517134.803874441,462064.384244395,259198.005212625,440970.363454157,339621.650625635,101390.407127125,417131.904932541,256084.130491836,25573.0936681003,303167.476637019,371829.924740684,205077.530055004,453065.537231923
156067.289938939,391663.799475195,324828.599115724,456224.793804262,250817.081859936,192513.15175311,360249.91873001,386005.667455031,362533.868596441,112712.075084629,180464.385929247,33641.5812134029,0,436749.441229854,234374.43853604,462857.137676626,332376.502476336,282138.373381754,308104.122320028,351412.821402395,432072.714162988,470013.359363111,433172.626553433,197693.959326154,287124.909110468,344271.151259941,283030.629797492,412076.912332536,404893.617022327,434645.302940685,20858.9543386085,333488.791134817,410471.099518486,158099.960187459,536740.637286634,333313.626790631,466895.913863876,215868.294655501,65806.431178255,335954.546003546,390699.848453202,320930.484413734,209658.184291032,422770.843310381,379078.762088362,389363.57574921,400414.847262716,227235.212523883,317444.149847232,866858.570887154,330422.531240655,424335.62119463,435971.873637902,454150.569543421,384268.580118837,394170.591551119,339931.478015367,439104.335367475,188265.632254405,443809.015261147,406808.090696152,364016.523526971,338819.826684712,376529.062160652,239301.847586794,198971.409814219,380485.579523919,382917.4591378,378674.040067636,411898.841744086,418796.399055229,96503.3830980962,427766.601803765,449792.409239542,1647172.21487567,466649.490213896,443934.185750036,463080.634026084,164598.101708692,399597.202596525,440498.464528156,452928.096567642,462109.871438813,197300.673578102,295904.880371811,317032.595628801,365240.623579911,534728.574248227,456853.287978887,263261.393161869,438119.06307486,342277.404167243,92203.1104284245,412509.405040068,253772.059942836,29295.1482438681,315536.834969399,376176.822018891,227515.12939874,448324.038506126
290683.223358681,49591.5092600342,357924.448226384,25871.8935262736,637992.677412785,430171.866539854,128763.186618335,96974.2262246977,130015.198064984,344495.87505664,283529.533916746,440489.802768278,436749.441229854,0,202769.988306646,30104.0755422457,200778.682738497,171844.940391116,128884.169662788,85374.9744476602,19239.1843071621,39968.2254534815,5391.10421519827,522775.259796049,234189.53724429,174779.154578751,683736.463085986,28113.8169694659,37083.9447078099,8930.77795825333,426145.651954939,103508.638623386,41129.8405367943,303354.246749417,972590.697404623,153114.250789076,35661.6515461014,280724.731247852,385119.721088347,101334.554751474,87987.6518413553,129564.714753961,227390.914933661,21632.2428101487,110839.948017139,77058.9918956124,70257.4798524167,217437.126356845,133775.030226929,1303225.25705633,109177.480768762,12750.4226982334,14112.5517448086,18401.1033500289,100378.9243415,81528.546835294,219808.815051907,10759.6962771644,484001.440030503,8839.47208730406,59149.2208333251,144326.636873683,99813.837347382,116146.400591504,204041.080330117,293817.844223552,107957.792047622,54492.8007247657,75514.0705292362,29351.7168502416,39322.3494666014,515753.039828771,25486.8685537167,18698.3089072616,2083465.47920235,35327.2578357032,8799.58871525354,30412.7924640024,273255.49902354,41114.7784695659,9731.33087008996,16848.5059273103,29087.8442600094,246103.258948258,165323.082137307,121800.783728956,124936.71120869,941091.293265659,28766.101478291,698988.390532646,11696.5994790143,122330.473818007,344604.313718099,26350.0502032863,184473.994958057,417297.339561118,220022.415285917,116890.717159342,335907.81921575,18011.9133690534
91786.5980881992,157321.140536658,255793.621385974,223299.09238829,443580.685486508,256148.912662595,141424.813732799,159257.729410593,144507.692702796,145310.555191325,97202.0429017615,237894.893118142,234374.43853604,202769.988306646,0,229739.557759915,150994.595548487,65504.567478462,73892.326100356,117741.437482978,197701.960822036,237458.425478286,199035.118224914,337303.00896382,132944.139067105,146979.148654121,487134.07560862,179076.152959314,172500.525747895,201167.841952931,223378.871908404,100445.367542487,176434.958064558,110833.081282392,769821.269057004,122220.090290315,234087.116438355,119800.744158164,182968.89274904,103288.93345993,162130.798782238,92187.1428757923,24745.2088770036,188397.550867598,155754.856909265,158379.488169915,169088.476561178,34264.4205420593,89598.520105792,1100471.3833879,96315.4946195921,190520.288546814,201610.971740198,220454.532476774,158290.640682511,164473.906704826,170381.366903615,204791.085077428,302017.706011731,209626.724825945,174262.331002423,152284.040378973,104489.846085653,154722.209870772,28774.2560691941,123435.223542721,156386.108201019,148650.358584935,146215.596204599,177526.649100778,184897.157337851,313826.765078043,193457.793896998,216604.51504261,1880698.38486101,233821.618040878,209754.924103367,229979.658929929,70525.4551227593,165224.708536322,206218.056369867,219162.059249122,228938.281469189,49746.6691546782,81254.8734651126,82852.0041687523,145485.517515504,745234.108943125,224233.837586437,496220.459697361,203787.113268676,117212.182880096,142552.709558906,179238.651534659,20811.0945279069,214534.76750606,148258.078748741,154592.322218816,184293.44080947,215173.258723227
318798.191886316,79529.847588051,386932.247271136,7026.32085256826,667177.302585934,460160.866385146,157967.280667249,125390.876738037,159045.460282799,372712.006057207,312672.645289685,467632.725337752,462857.137676626,30104.0755422457,229739.557759915,0,229899.604240876,201526.572063238,156125.066121704,112039.771718932,45944.9809159164,10236.2239278246,35257.0674383314,552500.173622295,264133.674780728,203776.432075037,712680.875791992,50798.7742900245,58197.4172135106,28846.4838392295,452843.010142905,129495.065968466,70437.7988024866,332196.974085839,999247.347360303,182925.752453738,5775.84138454084,310668.179135252,412573.253533116,126933.169209006,116363.909729145,159412.33713508,254182.859658156,51123.4773608148,139305.510909211,106199.3942462,98523.1040953008,245980.316815704,163625.116046733,1329666.72738794,137927.450036712,40290.9853766391,39894.2556991413,12612.1952198301,128808.970164033,109869.964664761,248445.465158072,35091.1333075154,513831.778721653,27982.7120220054,87308.4333467615,172872.067148924,128367.003986813,144628.258805419,232540.988939978,323618.314957871,136414.498782601,83111.596556666,105514.352096685,59454.3627804104,67150.698590904,543365.120184564,52731.0953781078,13164.4714401519,2109970.32554861,5462.53849980124,27773.6063367974,490.018554644568,300240.039073437,71101.8493594333,32986.173705212,14409.521813282,1298.84589649558,274257.691444761,195309.741610444,150167.710076263,153949.725875972,970214.384233948,8408.1273708769,725604.692487711,36594.834004564,152396.793500108,370655.198945733,50500.9690175963,212086.7354517,444127.449960606,249488.724296715,145374.557559653,366011.817591754,14586.2279234807
180190.356089033,156484.632932285,157160.095157597,226572.662301898,475456.398259574,252988.948285658,72018.4497922579,104930.523591533,70855.7351050036,220202.883447673,151982.615330033,321393.037008877,332376.502476336,200778.682738497,150994.595548487,229899.604240876,0,88876.1602610819,139526.529561272,156684.26470648,184045.50856165,240059.514631376,195436.252881534,351417.770389608,48940.6581593342,26259.8592153834,524449.698875042,195022.189403144,195189.543242199,205697.427589454,314931.34838375,155959.776256988,159674.864512323,174284.227212757,839347.569364086,52246.9623422075,235653.806096102,120720.308510377,267705.856297917,159265.079736054,113896.17519585,97899.6066268681,164126.028719703,179171.957016804,91130.1945565845,123758.326004925,131638.563708806,128436.327701209,95489.3160052682,1168813.72546341,128063.031948286,194610.016126966,190079.272086281,217307.962963217,101538.500554872,120349.503212771,22752.8690429356,194876.261478516,310814.277771937,201984.152532064,142809.368621308,58078.6310511971,134781.111270816,85866.7794703238,124591.942172087,138180.824140682,94003.1796568012,161511.884163205,127130.86960158,172666.582054039,162893.152268564,383866.756933754,177290.486120512,219459.999851631,1944655.40538677,235302.621602205,202179.229736076,230217.82145326,187815.255594035,163512.422060701,196987.566332489,215520.563448967,228825.780086394,150529.945090588,75925.9666966417,127927.908231071,75954.1384932958,775107.125288564,229532.131059559,572299.802234269,193371.505516256,85596.98658086,254480.392098458,192891.842913642,135792.3667727,305202.541549864,22434.5928150938,85125.2993996165,152585.452116082,218726.202630504
127088.547208242,122338.736999383,218181.120756655,196088.523483787,466752.469823941,259516.390435531,79587.6030279735,103948.906355601,82299.1757300399,178666.242721669,113235.146232191,279407.263959817,282138.373381754,171844.940391116,65504.567478462,201526.572063238,88876.1602610819,0,62398.3685708625,97683.4657201309,161378.491177802,210744.427304696,167117.277132151,350973.689840544,85302.95539049,81768.426814989,513099.403111912,154501.501229535,150661.831125623,173040.026753377,268067.116281019,87836.1795175058,136800.671204708,134453.217164153,810549.017461751,57137.7177685191,206734.995176823,110055.091536877,223216.986074281,91557.9114640736,109090.928234827,42637.9424675978,84142.3785665319,153136.161713881,97142.7090101679,109472.48088256,120604.574072246,55400.53470987,38526.9627971076,1141518.73940606,66287.1083999523,161346.239557098,166490.851526729,190243.188238853,102142.63834017,113092.469060047,110119.93459234,170596.524907754,312400.029470246,176756.979731611,128591.663361379,87907.3760394105,76006.2158372182,94945.2015474908,45137.8979867216,122192.310517913,98431.8570326997,119099.174712926,101437.30224787,143108.896972663,144012.401219224,351185.013198084,155736.244776527,188792.904601102,1920852.24074198,206418.123908638,176919.252096506,201815.374715964,120485.759762984,130846.871300232,172424.211905673,188653.400428713,200561.650044478,84971.9413556577,15882.3963316871,57699.9085469875,84248.0791025608,769889.336364694,197985.10396537,538193.556052796,169305.267890419,60270.2341197267,193994.097462895,153562.605379172,47740.8336899688,258590.292433844,91295.5846858206,94658.3082753997,169815.513506092,187581.529305904
163032.403087252,84150.9644838952,280007.617086716,149792.529081303,513473.446427359,315246.337009986,95447.7470197379,99613.2328101761,98913.9168102691,216996.303798598,160280.100262462,311664.201648617,308104.122320028,128884.169662788,73892.326100356,156125.066121704,139526.529561272,62398.3685708625,0,44205.1255794393,124222.877293609,164102.935933188,125152.695467048,402675.059323065,146678.740945349,123167.731251119,558090.371098749,105682.824931836,99592.0086323377,127439.765206476,297270.432042171,28457.1359307386,104112.74381632,178158.431497387,843708.355947104,91588.289608201,160610.755253157,167844.513603472,256463.377173778,31942.0591171958,99563.1053399451,43994.6903769352,98552.7338358233,114836.273921471,101283.796390736,92248.0273500246,101847.160140585,91694.3923738698,45158.8223834525,1174361.93197906,26366.6877874511,116675.510535389,127932.702061565,146625.452695615,99845.4643045439,100034.127082568,162214.568037821,131003.812222022,365495.045834278,135757.265186243,104831.399914419,112516.838538828,32111.4014802527,102410.050117915,78327.2058213406,177437.155311181,100776.351703334,74814.7945228603,78017.2256888108,103943.564614419,112805.38434909,387241.069804565,120299.141969583,142984.656811953,1954589.25941927,160337.547525657,135878.877008367,156373.217546619,144373.373664716,91784.9645577783,132401.801007012,145313.17484599,155302.937811489,118674.53112012,67419.304765576,15093.9347984803,97450.7695890507,816029.866999008,150885.043317835,570111.201356856,130029.771890775,67640.21895972,216084.649460352,105668.844168941,56041.0680769881,288415.974563816,147957.928911653,102591.553452833,230135.530276091,141574.210454679
207164.324773527,45137.353585165,307625.168895559,105650.789486686,557171.300701272,356094.057751489,95088.714724602,83490.4254559886,98169.4687415252,261120.502960624,203286.411715387,355627.482982933,351412.821402395,85374.9744476602,117741.437482978,112039.771718932,156684.26470648,97683.4657201309,44205.1255794393,0,82802.2158015968,119932.146654634,81951.7615712245,445217.260289411,175356.692704599,134940.394688553,602013.242499713,61506.8644855801,55631.7244733356,83451.352209304,340993.836948673,18584.4683199599,66400.8052814163,221787.052450664,887446.969646114,104557.847228188,116467.176140729,207225.499102568,300553.686214152,17215.4056432224,79511.7028415508,61843.3530391117,142240.117980118,73299.9601542925,91037.1590125137,67968.4813380114,74288.1336012424,135255.637788651,65450.8483349633,1218002.04034955,31841.8259886458,72936.7509601158,85821.1141208107,102805.942252214,85198.371366627,77171.0981769855,179058.552787727,88449.8140778182,407535.272938399,92638.2998599548,73069.0795132737,114290.870604078,22834.4312095895,94321.2468048145,121806.221763717,218182.979379175,89357.8323672889,32922.7814527323,52734.8790722473,62558.964803663,75177.6165989505,431358.403948978,79831.8450772513,98891.5097587698,1998271.39289174,116191.237930167,92772.6630046733,112278.575521656,188263.295484987,51350.3943984293,89644.9845778578,101558.354174336,111221.067822563,162754.05795915,96788.9889348737,40747.8195661753,94705.9248051171,859880.028409275,106717.356071779,613819.508346223,87602.9764463179,72051.9798025847,259252.672307598,61557.4838667805,100215.894013042,332211.433823947,170157.812651765,94789.9431594065,267444.421037147,97468.9264846632
283359.56777955,40512.8178260936,341022.778185428,43331.4084694673,628130.007252502,417823.115335553,112199.724747319,79455.0880774374,113194.256375482,336857.097909441,274157.998821662,434394.700921457,432072.714162988,19239.1843071621,197701.960822036,45944.9809159164,184045.50856165,161378.491177802,124222.877293609,82802.2158015968,0,56117.7105092215,14668.7872245639,511497.243177661,219268.610190583,157890.425701988,674377.97239826,37284.3240891018,45781.2816756283,27363.4903027083,420702.250022272,101328.329727173,25441.2408096978,294607.077227461,966810.283749467,137835.833948034,51704.6952378508,268797.870064543,378653.915822654,99749.901384813,70428.5698197468,118752.310159947,222421.647461941,9502.91188280443,93364.4497908738,60516.3262182828,52584.5648420448,209605.291116394,122898.848712479,1297650.38458196,101998.650750008,22617.7372840903,6057.80432508263,33335.1172729909,82873.0427434121,63931.2401623864,202504.23043247,10905.2637538425,472361.413274513,17981.6501686678,41364.0730262108,126929.970566605,93293.8254305258,98691.8333827811,196366.843729869,282502.259573668,90481.484501611,49985.5061694366,61576.2560481017,20340.8822317671,21213.791298201,508863.470536071,6811.17297983747,36775.9798067951,2077721.92512176,51352.5731726596,18201.1700730016,46260.7872941049,267794.877149132,32484.7348986891,12976.5155302769,31553.4515754465,44866.050607281,238870.596580796,153501.876667626,115224.181421328,108097.984579874,931266.624200467,46641.7076547899,693382.40593265,9373.1305597062,108479.081237009,340192.111332494,34489.4293626481,178534.32615461,411682.515953781,203834.041330775,99435.6429339311,322311.291599154,36421.885847828
327003.635492855,89073.7700967877,397103.285515139,14660.7697740911,675946.732652449,469632.388161552,168115.008470899,135572.638703531,169208.242747077,380946.490482932,321466.959690608,475284.034215587,470013.359363111,39968.2254534815,237458.425478286,10236.2239278246,240059.514631376,210744.427304696,164102.935933188,119932.146654634,56117.7105092215,0,45181.5754812899,561687.699302481,274120.272533462,213943.875852712,721288.721854956,58428.7494353982,65177.7099216561,37722.9532865998,460281.717195716,137046.537097863,80564.3138632454,340803.562302301,1006575.44922417,192972.583845916,4473.28464822495,320098.661369473,420399.452352199,134338.501730678,126545.984501197,168793.648200572,261786.497094681,61181.8521679961,149481.388960575,116352.96292913,108702.219748758,254462.199407361,172997.157996002,1336870.65046978,146643.47488323,49408.3875099661,50075.2162186729,22815.8032494099,138990.632958803,120048.924028571,258620.395934379,45290.0945728963,523118.779940678,38138.6222763922,97478.8920691878,183045.942770777,137007.349277131,154809.462350874,241008.334987059,332898.454949828,146598.62799897,91960.5134514123,115461.054810069,69266.0163162323,77330.4797050553,551235.681878035,62889.2916770294,21969.7502056181,2117183.56506526,4778.01800344953,37976.5559279135,9884.24593356328,307899.724677513,80710.0400609795,43145.3244241958,24625.5007091377,11256.4492406336,282512.61367931,204819.17483291,158676.372996732,164115.524660914,978926.032614085,13229.0854776365,732942.683198187,46784.9517433759,162284.719588179,377828.195448868,58517.1568868238,220128.99671685,451630.710222258,259615.627388861,155553.151959426,375768.450627583,23164.8269138907
