"071201088801602061","071901088802302128","070501088800907192","071901088802302056","071501088802609054","071301088801301147","071501088802609150","071401088800402153","071401088800402068","071201088801602009","072001088801203076","071501088804404058","070801088800401064","071401088800402047","071201088800102111","071601088800803174","072101088806202090","071101088800201072","071001088800403166","071801088801001078","071901088802302074","071801088802302092","071801088801001051","071601088800803159","071301088801301003","071101088800201303","071001088800403049","072101088806202048","071201088802802027","071401088800402111","071301088802505031","071601088800803079","071801088801001048","071501088802609198","070801088800401085","071401088801303168","071901088800701028","071801088802302090","071501088804404179","071201088800102038","072101088806202195","071901088800701093","071501088800704021","072001088801203166","071401088801303036","071801088800101127","071801088802302077","071901088800701063","071201088802802062","071301088801301165","071401088801303060","071201088800102020","071501088804404155","071801088800101091","071801088801001003","071401088800402175","071501088802609046","070401088801103166","070501088800907087","071001088800403031","070801088800401127","071801088800101163","071301088802505011","071801088802302031","071801088802302047","071501088802609022","070801088800401022","071701088800103192","071001088800403247","071901088802302038","071201088802802032","072101088806202041","071201088800102002","071101088800201039","072101088806202174","070401088801103110","071601088800803024","071201088800102074","071901088802302146","071201088801602097","070501088800907171","071201088800102151","071601088800803018","071101088800201270","071801088802302107","071401088800402132","071001088800403112","071401088801303042","072001088801203022","071601088800803042","071401088801303006","071801088800101055","071901088802302164","071601088801705142","071801088802302137","072101088806202027","071901088802302092","071401088801303096","071301088802505136","070401088801103128"
0,25647.6102245824,243844.057955674,38598.8351775528,446208.655954714,143994.050097024,30657.2304114936,1193855.1494193,1792032.06530396,1482771.1394817,32493.2423315096,15848.3668659766,409284.802194128,254072.669549202,2070892.22871027,20001.7286376734,20996.5697032339,18094.4536003986,81213.1092325278,138917.706514465,9775.31036914087,28948.2080335939,20541.2739911169,38475.714862197,370081.710370461,26886.2788759984,27520.9585412378,24392.4151873246,3146163.04268308,25372.5060428681,201130.81629614,23600.0773027959,20684.5389634105,1527598.72182754,712883.294281295,127397.790862597,18974.6611592324,148960.284249827,27538.1323953931,143446.150371862,96198.1438588572,57414.682628916,26096.2519473236,94120.57912574,144042.174421916,68978.3091099155,149133.540168855,3171423.11538257,330534.884277742,17740.2294320557,147407.979902014,166185.909900403,1291905.11535412,39590.3972914158,694571.708359286,9696.40414734437,18118.7553448606,105551.584973539,39559.8137741249,83219.7087718031,331902.57269245,2263464.00313522,70074.9271361205,36889.7103134354,132467.936810809,226255.009209351,485012.978138808,24671.1004993112,25390.8614601221,399293.697230854,162795.038311716,173785.127900441,13692991.2253394,30337.2265912699,34651.5815370626,18789.5222431972,107471.266266293,1193151.88679692,440070.681179876,64768.8841837886,39233.1019760191,1244380.07295586,139141.461798149,245944.93762423,994833.898056021,332172.079268193,627481.782802482,211807.784856531,115682.386982407,29717.6181543708,28196.3073407204,4193450.39827653,298630.832460536,2016483.56885631,2051584.64691336,18402.5901331208,1193864.02015634,27022.4373182837,175672.619500904,243506.579324071
25647.6102245824,0,264040.93965865,15639.6613063813,471221.272268426,169641.512946395,13429.9060775964,1219500.93122231,1817676.7917812,1508416.66477022,50839.7772880612,22730.0455845486,431746.446746827,272258.895849163,2096537.8433983,16798.9397518501,43302.4327971293,23524.830139663,98100.9234649735,160867.364928307,23897.6436638315,12409.2467491674,29603.8628392651,53072.87216819,395020.621438438,1662.2032153158,2486.77082222253,42262.9988955165,3171805.81129021,37196.4300081749,219158.408479418,34655.7470023719,7711.70790940194,1553245.75222528,738530.698716205,144982.466896124,26209.1680833705,174219.608778347,11056.3024528143,162202.179020375,113387.252225494,82944.9782495794,618.082242597324,119461.190480474,161766.87547769,87565.7251989561,169174.576322093,3197057.69288495,354999.063987601,15646.9571215417,172972.584850069,184053.040406412,1317531.31087303,64433.6851876302,720218.405605811,31961.477289288,23617.0994522014,122884.262880704,16711.6496912854,100154.356928158,357465.690813944,2289096.72309295,95343.0863969284,51280.024632633,150099.036087512,245002.646129654,509335.064716733,1409.83757384522,520.167471619531,424812.889700911,183008.100454284,191692.677333513,13718622.619734,48461.4921700687,11144.5488323011,11860.6765610376,124830.36275713,1218750.37689852,465700.561376194,89860.8958565622,56435.2175793782,1270002.30765734,158812.525857012,271271.669002867,1020461.10438836,357813.788624211,653089.727698832,237454.728515391,133144.048370346,42834.4252229346,3353.70090200701,4219086.97030148,317390.028246893,2042125.67694686,2077224.85698936,24600.9210629308,1219511.2504369,10707.7922536476,195278.044561217,267077.511019561
243844.057955674,264040.93965865,0,279578.016378909,253408.387972558,161704.007242716,273666.025746221,1016598.60884841,1615102.45379771,1307292.32700967,213306.964406087,241317.848438017,174631.434897397,31961.1399699752,1888104.30278654,263840.321498993,222903.516593809,240690.188725108,166972.564050509,106729.47150234,240916.049621694,271961.943447216,234660.264897885,211408.394235649,184617.607830813,265688.566013598,266510.862207428,221956.53328459,2966397.93207545,227131.715629977,52748.0718397526,229657.539706881,256390.773767643,1348380.47037702,547742.137736387,121173.034153349,238027.034071136,134730.671585886,270391.720073309,102631.087504171,151966.598799371,208483.008906051,264644.837592541,168859.130063053,105008.398536334,176500.536993239,94883.457099278,2993761.19783586,137777.499948281,248504.585740818,149035.274610511,83922.4757825721,1108458.85614998,207500.012831691,532677.011452812,245214.065319981,240598.505319839,142673.795887679,280647.967500722,164953.809111324,233578.652289819,2088113.92874265,207480.263581643,213188.005847973,116226.769734989,28058.4925101888,271509.626064254,262689.237340329,263687.30718097,239519.33241642,81099.4127334452,76850.176763536,13512496.4859431,215680.995285338,275114.343386122,252268.373765417,140772.812040941,1006993.65700814,306232.567251787,212300.284670181,207616.275431543,1077080.90979983,105247.086741442,128179.436356069,830445.731112621,218630.217897404,479400.283588319,159800.385980873,132666.977973253,221545.636670398,267372.053757448,4014231.70122722,59223.4310750207,1839605.23606686,1875161.80282061,239620.059639207,1017829.06241316,269846.579967816,68972.7202700993,65691.8457901214
38598.8351775528,15639.6613063813,279578.016378909,0,484761.484797643,181435.233174373,9856.53817515099,1231122.23784333,1829003.0556885,1519773.68803565,66299.8293681737,38327.8612614965,446875.406652836,287894.400870861,2108146.60899668,22126.2571994308,57996.9542858566,39157.0933304522,113736.778785431,176066.018455213,38925.633457417,11080.7853355717,45236.7957739154,68709.0854594282,408656.551829752,13981.6542371458,13154.3161510151,57672.5378414652,3183070.00566731,52832.8962751586,234793.963615224,50284.5377195437,23337.8852684242,1564802.39930178,750095.88441584,160617.277914348,41841.892386998,187431.297615054,11882.4093232863,177817.858659187,129023.029455475,94223.2050013696,15031.9567023603,132566.714520734,177401.725564373,103139.371969766,184699.996065392,3208186.30775125,369108.491194644,31284.1576880634,185441.219991558,199688.633665885,1329443.98221583,78171.6455373536,731663.515568812,42432.5634194138,39249.4527914031,138518.98266369,1137.90485659757,115790.187742229,368231.62768156,2300209.27234843,105815.995443732,66911.0256758447,165733.867097337,260629.046868508,523561.706274435,16995.8403757275,15991.2081787264,437346.034456417,198521.154766991,207328.273685646,13729695.1248394,63919.5750395893,4505.98718174248,27490.0398890063,140466.104780835,1230872.92112772,476889.680558456,100048.611385978,72012.3561537889,1281024.26097671,174368.749896121,284329.291482381,1031546.05038792,369205.960067789,664041.3080658,249067.941932138,148779.759608093,58470.7655157805,12287.6755492161,4230238.49378448,333019.910907139,2053386.87812835,2088449.58535027,40237.7687383963,1231063.6180247,12276.4526586343,210852.905680447,281748.891578778
446208.655954714,471221.272268426,253408.387972558,484761.484797643,0,307570.171466159,476179.691503403,764222.671582439,1363342.87280532,1054994.09465575,424007.256486552,450760.770251553,128669.107615513,273932.919202835,1637946.78551783,464001.831460813,428295.730577424,451107.806607596,389863.312830189,319991.234356103,447706.130360981,474539.098677766,445963.121511463,426332.27612101,76350.2545974205,472651.432923137,473365.67486668,431492.59746708,2715900.5748594,439569.482261445,303437.356492226,441711.688838201,464599.871364472,1096847.89456108,295360.410430199,353994.12591534,448832.99619264,297433.470681303,473309.736043968,335607.833676021,377902.586044115,392639.642934439,471745.318675237,352267.43799434,341800.71259343,393595.649536034,323005.426514124,2742771.53619758,120416.355430755,457805.319931761,301010.475141761,326240.355268714,857624.746385892,406805.514357651,281256.658586264,443031.893489099,451029.412759288,370595.79512787,485697.547689846,388243.027776594,165835.881788942,1836333.2621821,383641.252755041,427823.688628518,350236.816809498,281410.467333857,61269.1689124823,470049.6746326,470915.164077727,70892.4210465473,311130.319712012,321089.11483646,13262848.6770539,426175.004296283,480859.034962208,461044.260960414,369109.644058306,756761.091343813,118323.068987199,389747.853899215,420680.699629831,823741.281570923,333154.134592734,201344.138668151,577114.157649666,149411.904092814,235797.151120324,245382.676096322,362814.10445463,434848.533192622,474114.108040996,3763811.17460288,247144.941576941,1587989.47427176,1623476.76953603,450192.548864823,765257.694295868,472832.18237552,306102.230690007,212739.529309014
143994.050097024,169641.512946395,161704.007242716,181435.233174373,307570.171466159,0,172174.349907301,1049867.18067939,1648064.27182575,1338797.63279072,129896.849850194,152232.663030916,292725.324124902,187251.759083663,1926904.60109063,159692.44219777,129622.723861933,153201.26586503,118143.135237612,81906.0096138504,147798.628598094,170638.371905822,149260.471905625,135538.106347172,232759.672823765,170863.275559664,171475.772297505,135328.110491095,3002208.01720002,144545.623156598,148996.639138832,146102.318932489,164068.350133567,1383605.50774605,568889.26799029,116928.873129965,151443.55136861,27542.425447639,169610.063353462,112781.102774115,115679.373390084,87244.8995835338,170088.467257487,53704.718910869,120990.549256796,113129.789383977,103724.299995313,3027522.90966997,198556.77303133,158506.479895135,12681.6618167263,129585.755158622,1148027.5357174,107115.56412968,550590.139731446,139002.945231952,153140.318231747,115149.090583062,182267.771634484,117699.8202811,188880.456453202,2119578.29139983,76710.7404254599,136497.342704501,117928.98913747,160820.283083713,351759.172040818,168645.238297682,169380.802301711,256420.870187493,107636.665042213,133264.511252976,13549107.0780092,131546.146967943,177986.870507983,161136.684234784,115136.170020526,1049444.84759957,296261.116976313,82789.5810350219,129207.261071472,1100575.32087079,103879.295666279,106458.156647304,851000.407446692,188260.722917704,483824.292897408,67839.6661628693,115453.44753276,141208.392332794,172119.100947406,4049536.0238523,220290.88023854,1872534.49420981,1907648.82358031,152491.137564698,1049870.26968302,169185.405202498,119764.166374204,126724.170899085
30657.2304114936,13429.9060775964,273666.025746221,9856.53817515099,476179.691503403,172174.349907301,0,1221710.37663143,1819511.79853082,1510291.89791796,60575.5737370709,33719.2856577691,439869.282320906,282874.477336698,2098725.25407895,12510.2587285876,51025.4062985297,35036.8893502659,108915.39808971,169321.87804512,32877.9283097113,1866.32456945693,40964.9259558412,64114.6803391729,400147.246879649,12178.4241154642,11592.1630457567,51917.2102609362,3173560.44776381,48419.0544533549,229802.703166525,45922.8589152284,20042.6984299556,1555370.48948704,740679.071570627,155700.487781056,37648.7650569801,178763.075200589,3364.54804329106,172458.326088866,124161.929815837,84933.0762843698,12960.592992648,123915.459794325,172462.829057794,97657.4640382162,178811.257700398,3198646.46499218,360947.585641826,27449.7527644872,176421.982241082,194724.910946089,1320115.05399685,70106.1121289207,722216.007242249,33295.5627989712,35126.5694693414,133639.76300612,10439.4733915872,110962.835937308,358655.814188026,2290668.1797594,96295.4134392112,62341.0285142909,160809.850723382,255351.500589997,515472.214383072,14531.3206150355,13724.209805851,428270.860787601,192567.408952162,202357.743828474,13720139.6489782,58224.535790327,8409.45419969513,23875.4682866154,135581.133885321,1221612.5228859,467393.688397853,90487.5288727078,66716.1245420225,1271469.43267584,168626.385347735,275524.493371612,1022007.29263802,359769.218918816,654483.031938603,239718.599108148,143879.823945311,53980.7025430068,11011.2146174887,4220702.41451454,327771.410541499,2043879.13037,2078933.81574249,36079.7700919777,1221633.60375476,3900.35705922488,205170.257416031,274154.957030544
1193855.1494193,1219500.93122231,1016598.60884841,1231122.23784333,764222.671582439,1049867.18067939,1221710.37663143,0,599470.989826995,290772.10523798,1176865.86543706,1201418.62305806,859281.870448215,1034241.54529517,877037.570348705,1209200.51528381,1178633.59094161,1202189.69565373,1148761.63345201,1080153.59608612,1197334.7529045,1220219.62213365,1197749.58590798,1180745.12188031,837978.358104435,1220729.44002231,1221342.8855273,1183398.22070277,1953252.77394268,1192223.16501098,1067450.82365892,1194075.41536514,1213809.22291835,333823.739664808,481032.655532255,1116418.65829019,1200227.1446579,1047539.75379386,1219257.22877952,1098497.25723267,1138104.45689572,1136925.87990399,1219951.11504679,1101083.66454146,1105092.51660824,1150528.9432057,1085545.52555645,1979409.9526992,884094.645752797,1207961.99851468,1046923.02210745,1090270.85941178,104589.383299058,1156214.26316572,499626.322006193,1188722.90797336,1202122.08584976,1131537.41543269,1231925.13842779,1147323.94934978,864074.173422723,1072294.75386061,1125462.91999955,1182040.4095535,1112951.37243166,1044655.22001971,748985.931004597,1218494.11939845,1219237.74077871,797058.031064828,1074267.27327414,1085248.92290507,12500609.2893644,1178814.44893607,1227775.02312808,1210750.20738223,1130196.18236867,60408.4820441279,754659.826504375,1131352.31165059,1174680.67361504,85728.9466059855,1095332.20114782,951589.880893524,207014.533258093,861950.59585781,569479.301893364,982095.533974446,1124488.80407507,1188135.55105954,1221985.62003176,3001017.74760717,1000618.09390332,824189.872865295,859580.492525198,1201400.42548306,8042.13561911747,1218849.00624036,1069984.40976427,975794.146456266
1792032.06530396,1817676.7917812,1615102.45379771,1829003.0556885,1363342.87280532,1648064.27182575,1819511.79853082,599470.989826995,0,309283.248829923,1775687.84266222,1799940.18932009,1454635.00235627,1631905.25093837,283816.441516421,1807004.84434589,1777176.57620751,1800759.17559343,1748129.61626998,1679604.05901211,1795744.1587756,1818046.9382995,1796410.58765166,1779717.67872246,1437371.80946934,1818875.23283568,1819473.57168868,1782104.52241421,1354171.84609564,1790992.45717982,1666272.35192719,1792808.88693211,1812120.66844025,266821.022941883,1079354.18422586,1715879.44226973,1798837.57960559,1646422.48038255,1817124.37250688,1697935.00333721,1737540.7199182,1734914.1722475,1818115.98499702,1699691.31798546,1704498.30766381,1749761.89092302,1684998.57737434,1379983.74466019,1483384.96685382,1806406.69437765,1645461.41712443,1689525.47599882,507389.172123359,1754715.49041152,1097485.00441963,1786670.76182193,1800692.99344096,1730997.87038092,1829784.85086977,1746703.14804168,1461105.64616431,473019.88682498,1723217.0535484,1780991.231933,1712400.58448417,1643140.90724727,1345891.36782347,1816694.29128131,1817419.87767533,1396321.32173508,1673682.07457591,1684430.15662814,11901394.7012176,1777609.42842142,1825743.28308047,1809132.10855905,1729660.00523118,609510.014297696,1352118.70037454,1729050.17333908,1773622.53330427,549470.694738483,1694797.32966818,1550755.10713914,797917.264170753,1459870.74407615,1165390.32759662,1580231.1803697,1723959.54019327,1786980.61331902,1820100.39754587,2401741.82425561,1597011.26009757,224720.378599206,260139.897573376,1799986.59703903,598896.204327802,1816727.02534928,1669285.33863402,1575191.2887851
1482771.1394817,1508416.66477022,1307292.32700967,1519773.68803565,1054994.09465575,1338797.63279072,1510291.89791796,290772.10523798,309283.248829923,0,1466409.42265139,1490659.14186437,1148803.04777498,1324704.46733919,589769.841272785,1497783.96219401,1467894.81308556,1491476.89397036,1438991.22164246,1370568.97311161,1486467.43968315,1508823.54197541,1487127.54624537,1470451.76692066,1128685.02842107,1509617.78001159,1510217.5040147,1472822.02707981,1663454.77593057,1481711.49979234,1358203.60409791,1483526.74012923,1502849.94779906,53382.1286696302,770071.696018658,1407019.87048897,1489554.70512429,1337150.00896189,1507896.10112296,1389147.92502492,1428476.05165937,1425668.85347089,1508856.82258523,1390408.29085578,1395778.24009228,1440553.36686569,1376168.42285202,1689166.83927681,1174845.28948641,1497128.54001912,1336179.01029911,1381025.3655507,204953.844764335,1445434.79190902,788211.703605605,1477431.89649559,1491410.68265323,1421987.15486269,1520558.14502716,1437573.72059985,1151961.15259631,781685.072257563,1413997.81479256,1471722.71425879,1403581.22845991,1335346.63300646,1039108.49739476,1507431.99850572,1508159.11751564,1087142.32012223,1364945.66689127,1376014.85503161,12210653.0868557,1468329.58485546,1516503.85785161,1499857.03446896,1420661.24758638,306423.821282448,1042903.62813915,1419838.17970718,1464353.31374229,242364.755383379,1385918.94113183,1241532.96586753,489090.003294281,1150618.54270827,856341.081476266,1270966.85316158,1415014.59523627,1477703.29809553,1510845.82197865,2710997.07151255,1290619.12825924,533894.302467621,569159.440007719,1490704.11003964,289889.353551987,1507497.44305782,1360727.23609177,1266492.11022072
32493.2423315096,50839.7772880612,213306.964406087,66299.8293681737,424007.256486552,129896.849850194,60575.5737370709,1176865.86543706,1775687.84266222,1466409.42265139,0,28244.2833121126,381127.012994918,222347.451943141,2053751.99713067,51905.8280633801,13283.1010125686,27968.8721825184,48806.2445548545,110241.584178452,27716.6572172519,58898.8743645099,22276.6195640432,9235.12211192547,347668.570720241,52474.3471584378,53290.8061498988,8673.79648413498,3129848.26698609,15569.8776784546,169300.835011261,17766.9642201659,43276.6312492066,1510688.74346268,696349.988193563,95302.3210694259,25433.1451664665,129339.299708961,57296.1931988003,111883.451245627,63904.2130624503,52725.8105866133,51438.6731245994,76557.0241939582,112026.323015448,37089.1341856868,118424.701970613,3155461.66321295,306500.851351882,35527.7373232349,130715.453498459,134254.468960991,1274081.93909354,25570.8595216177,678395.191324545,37714.5861468817,27881.1607902903,73325.7081566055,67363.6136427906,50827.8752684648,318637.884419524,2247618.0446964,66408.6428552575,8878.90199142559,100398.358605973,194777.639387306,460412.337860946,49504.0309050008,50493.234773596,380423.896061378,132234.831819871,141878.803642992,13677034.2039277,2405.89280129943,61847.9163398295,39219.5185881173,75256.1390861249,1174773.55157938,425105.00641758,63177.5164472899,6879.0051697258,1228988.34073911,108141.904437308,225944.068340727,979394.743877811,317053.638325193,612766.596904282,197007.527044821,83519.1659537994,11353.1777654784,54145.9826154514,4177384.8653564,267197.336467087,2000277.38366894,2035469.78338225,26938.8281146077,1177062.9177921,56749.3014499629,144665.06778063,217371.396523259
15848.3668659766,22730.0455845486,241317.848438017,38327.8612614965,450760.770251553,152232.663030916,33719.2856577691,1201418.62305806,1799940.18932009,1490659.14186437,28244.2833121126,0,409353.045801002,249633.610603324,2078414.46426071,27986.4820221623,22794.9073122792,2296.25531988294,75495.727350957,138458.6394605,6306.16214644621,32141.519325435,7282.36528250638,30510.2214490628,374469.80446998,24381.9963575509,25206.9342169714,19815.4884046293,3154109.30522505,14710.9577982622,196535.472148738,12215.5209370606,15080.8675112884,1535219.34140212,720615.246261462,122366.328643188,4153.52793491611,154607.200992749,30499.1893661156,139491.452817546,90777.1875219442,67843.4990277499,23335.3840748804,100368.176251739,139148.566147657,64836.3042829333,146458.045585887,3179540.17777606,333847.922846945,7292.09803996808,154500.048367792,161432.503574533,1299052.13807462,45227.6604518228,702472.165706668,25525.5399096038,2334.20212504166,100272.058286082,39400.5944487262,77548.4429745734,340946.762721414,2271623.44264134,81244.5620531038,28725.910159896,127482.188285173,222314.454202205,487981.969959369,21378.6943956768,22378.6915151749,405733.171218099,160297.331461955,169071.547235648,13701134.7129841,25874.317134351,33842.7450575891,10985.3999355428,102217.636628442,1200003.32854275,448449.118556305,76450.9207154614,33706.051973364,1252716.71485272,136085.133670302,251633.859262745,1003127.64164056,340402.255132565,636046.269019499,219993.522037024,110529.722195741,20307.7592785269,26070.7102133491,4201525.17056898,294712.654123327,2024464.8318862,2059610.71854409,2867.07598437876,1201520.73866905,29964.259733327,172548.138687883,245253.322125704
409284.802194128,431746.446746827,174631.434897397,446875.406652836,128669.107615513,292725.324124902,439869.282320906,859281.870448215,1454635.00235627,1148803.04777498,381127.012994918,409353.045801002,0,182520.199970164,1724402.75250107,428923.396486602,388959.455489745,409056.924295346,337872.361530901,270896.66118808,407974.118202754,438151.64403688,403207.928236356,380695.790688575,113698.28338096,433349.645175884,434149.869353343,389568.164895572,2802575.44082859,395911.626296707,227012.44172692,398358.156916231,424306.131458355,1187879.98451924,409721.071167747,293986.824828459,406473.144265468,272676.821134139,436674.975668241,274971.378645005,323470.65359666,364600.2884931,432334.033573902,322248.614636906,278512.549232581,345648.115834503,265122.766762868,2830743.50686775,108248.964755235,416643.4011556,282204.618629176,258219.470374297,947245.931935301,370543.325528483,398183.698784357,408866.698008546,408967.962090239,314565.144146324,447918.369033972,335933.225328771,232138.734682791,1927180.91185661,359575.168351807,382415.668579797,289254.144837654,200560.900555031,112658.032936596,430431.192125259,431402.17332345,167030.717958325,251381.79826646,251340.628633437,13346709.295538,383486.302407688,442526.646456105,420299.557820699,312744.691239206,845163.597433105,235315.718214692,365306.768666428,376154.04699555,924613.973401824,275888.132509592,197599.453252239,683252.527827937,211552.094990642,360990.995935698,249883.559538501,304984.747187577,390502.24005144,434988.029136499,3850016.86605568,143163.867747687,1678534.41683348,1714207.17404225,408018.81295228,861156.484440127,436143.305944715,241434.9484334,168368.371907763
254072.669549202,272258.895849163,31961.1399699752,287894.400870861,273932.919202835,187251.759083663,282874.477336698,1034241.54529517,1631905.25093837,1324704.46733919,222347.451943141,249633.610603324,182520.199970164,0,1903654.42330224,273970.735375457,233106.987584854,248737.419283227,174158.004268973,122826.099415114,250021.071812926,281205.802713445,242657.672848224,219186.077853901,208798.972560106,273917.459860534,274745.161460777,230986.260194026,2981988.69613248,235062.580834867,53100.4990036332,237612.144657156,264556.605328259,1365095.05406096,569230.425609647,127277.425641339,246052.577136253,159800.714786498,279591.856849932,110637.834638494,158871.688267635,224644.97013218,272866.826016117,187444.773842079,110493.06791819,185285.261987861,106446.643052232,3009705.85771985,162797.864000342,256612.212443137,174601.025851894,88205.8934717197,1124807.99156467,220059.795007579,554748.410820771,256585.81825738,248644.99470483,149375.650561371,288970.224795773,172104.571816962,264793.825759158,2104825.23514928,225365.803699939,220985.377207762,122160.855713485,28653.7709606859,286212.05061957,270898.619193251,271903.40093214,265879.18298133,93855.2906593759,80566.229227003,13527260.2399481,224683.044563921,283403.265474914,260404.505623688,147428.551687365,1023053.26028354,334072.643917749,229694.925302698,216166.512639422,1096209.66565289,115553.135401864,160134.870819664,850670.036774077,249395.479325876,503718.124204328,190743.444388245,139114.865574684,229424.598642664,275611.976414577,4029685.59215928,45794.4579921462,1856224.95451472,1891832.56124389,247658.086934334,1035677.35092578,279045.154870639,79824.9779347598,97484.5338785772
2070892.22871027,2096537.8433983,1888104.30278654,2108146.60899668,1637946.78551783,1926904.60109063,2098725.25407895,877037.570348705,283816.441516421,589769.841272785,2053751.99713067,2078414.46426071,1724402.75250107,1903654.42330224,0,2086215.12652584,2055626.06158476,2079173.07088968,2024937.50073465,1955954.55928605,2074352.37963555,2097237.51861968,2074704.46169551,2057530.52690618,1712754.09648744,2097766.80084048,2098380.31931203,2060337.7004546,1078338.1729592,2069133.78231276,1939780.24729293,2071001.70823508,2090838.25933237,543394.625449049,1358050.87597473,1991518.27614208,2077198.70150765,1924413.71320841,2096279.68160867,1973344.28523072,2013981.6550965,2013956.45654893,2096988.23688424,1978065.83669628,1979686.21486197,2027017.05588822,1960562.9592493,1106390.68657361,1758296.94699198,2084973.31929045,1923927.4101974,1964086.94325091,780411.165730315,2033218.11972641,1376547.03048642,2065751.94849803,2079105.07794448,2007203.98809162,2108947.42938176,2023462.51944558,1740833.91413313,217437.26016178,2002464.92364081,2058841.92019617,1987903.82022263,1916068.6971786,1617470.90359969,2095530.20663344,2096274.36198086,1673636.50438035,1948950.62161656,1958769.41861092,11624905.1832421,2055714.32624668,2104806.87578398,2087771.17762371,2005817.33536046,881267.386476077,1631537.5184706,2008344.92507121,2051490.87264578,831618.303935344,1970521.30659489,1828244.67963227,1078721.13571662,1738957.0481243,1445559.60057462,1859130.87982527,1999905.94268911,2065006.78714707,2099023.00834006,2126127.78504518,1867371.57201003,86940.936084813,77716.2954758543,2078379.33047885,877101.862023008,2095872.60091086,1944029.28748234,1850446.70131485
20001.7286376734,16798.9397518501,263840.321498993,22126.2571994308,464001.831460813,159692.44219777,12510.2587285876,1209200.51528381,1807004.84434589,1497783.96219401,51905.8280633801,27986.4820221623,428923.396486602,273970.735375457,2086215.12652584,0,40982.5251640345,29871.0370768364,100703.663283019,158783.587119258,25031.7193596039,11082.969732696,35068.9693104203,56799.5673934006,388019.075634233,16762.4010877409,16805.6142791206,43440.2901322811,3161056.01463926,41892.2727287338,220993.512368318,39583.1888277445,18984.2253484534,1542860.29266041,728169.120638814,147139.516983898,32128.3326788581,166569.041910472,10333.9648595278,163362.693808311,115804.83053814,72453.1827052988,16766.490598123,111759.427508819,163825.792954736,88761.4843985056,169131.665520839,3186147.74724656,349063.736746193,23760.0744185748,164031.262765914,186008.235480936,1307612.67550254,58572.3053661892,709705.96470454,20984.6513312468,29947.5564346216,125210.503813315,22834.1585195499,102729.052794562,346166.024397292,2278169.74083933,83789.0325189383,55093.7500110751,152223.893786173,246201.714269864,503624.164765533,16962.1791814779,16839.9012041179,415841.714419412,182794.377182647,193618.046371272,13707644.935448,49644.0963920192,19485.2550262665,21249.9965490617,127138.315476804,1209122.66838457,454886.83966799,77991.6405273795,58450.0599421829,1258974.2307679,159125.902522441,263230.803575029,1009508.00908214,347259.028504101,641988.329797046,227215.876964441,135383.915026985,47113.6391649949,16893.9387100875,4208202.89682525,318589.213589564,2031374.30367822,2066430.31605428,30763.4862981257,1209123.4093276,10025.899075841,195661.489762604,262743.281769535
20996.5697032339,43302.4327971293,222903.516593809,57996.9542858566,428295.730577424,129622.723861933,51025.4062985297,1178633.59094161,1777176.57620751,1467894.81308556,13283.1010125686,22794.9073122792,388959.455489745,233106.987584854,2055626.06158476,40982.5251640345,0,23602.8358695663,60777.4596609256,118302.725918586,19472.4628444271,49309.5020687526,19908.809422807,21663.4407631792,352038.125423272,44830.854490326,45597.0810072134,8883.60639627012,3131346.89033006,17300.1080355005,180191.799834754,17874.3760239023,36355.7147799555,1512436.2705671,697844.272565312,106583.894156108,21840.3348941986,131862.890719021,47793.1346374291,122473.552518257,75568.386728946,46927.1009870465,43861.5397686877,77573.836720464,123180.137827261,48181.9132914883,128156.447241574,3156794.76150887,311755.375599967,29581.3095865092,131722.668760139,145283.196081675,1276257.26383591,22515.6268053373,679716.191878848,24749.496204699,23539.2729100791,84846.3830737399,59024.8347741189,62750.5544497959,318434.677154257,2248884.34541885,60664.8561502751,20622.0705321363,111637.152173264,205264.802118096,466051.15260358,42057.5619719936,42977.3761483634,382955.590586129,141835.769358403,152872.354962939,13678389.4700807,11808.6384080173,53721.0289574667,32750.5499141386,86753.1561752958,1177213.65554119,425769.22261484,56506.8843839086,20057.9004594216,1230005.87595614,118146.650438707,228914.158187882,980413.611698716,317710.379383318,613387.178466285,197324.899540979,94917.7770028386,17376.5669055427,46401.65143698,4178774.3713989,277636.420413172,2001707.32808184,2036857.53862608,22869.9807367307,1178740.74814038,47255.5187760252,154680.485098389,223823.150412936
18094.4536003986,23524.830139663,240690.188725108,39157.0933304522,451107.806607596,153201.26586503,35036.8893502659,1202189.69565373,1800759.17559343,1491476.89397036,27968.8721825184,2296.25531988294,409056.924295346,248737.419283227,2079173.07088968,29871.0370768364,23602.8358695663,0,74580.0645523027,138184.878084271,8453.70922561249,33490.7442745979,6080.09319232474,29553.3658354726,374801.410946514,25182.9865009449,26010.8882306127,19768.7297629464,3154930.09867921,13679.4857027926,195636.998800871,11132.1867505016,15819.2240859581,1535995.82899178,721421.396034703,121460.263642222,2686.23080898413,155195.95361956,31850.1055144074,138721.791513689,89866.2168936327,69242.8088789953,24132.4639731022,101107.332486946,138244.704453879,64190.502747974,145861.163083016,3180387.28519674,334029.398866393,7883.65770881785,155299.109566208,160531.692338871,1299758.63565171,46113.7383117136,703304.598974744,27754.6775690326,116.340461941503,99361.9532220694,40234.7457366686,76633.5199885474,341977.821913226,2272479.05244567,82718.2999254807,27755.4162772496,126576.862006232,221495.82534222,488093.826311475,22161.371716932,23166.0377149618,406363.755385596,159714.224011093,168171.335184722,13701981.8944936,25620.8815740472,34668.1136392974,11667.1746350707,101309.268497203,1200666.06279495,449367.50189578,78002.3784494991,33109.2411139552,1253605.54244737,135445.210317393,252181.505141437,1004013.2200202,341310.379904339,636982.800314573,220921.044859919,109622.903363832,19316.0732879195,26877.4007630088,4202364.48268796,293876.938518781,2025294.15133651,2060446.59250195,1140.15421300537,1202305.92978302,31322.7413986421,171868.807381667,245231.005767577
81213.1092325278,98100.9234649735,166972.564050509,113736.778785431,389863.312830189,118143.135237612,108915.39808971,1148761.63345201,1748129.61626998,1438991.22164246,48806.2445548545,75495.727350957,337872.361530901,174158.004268973,2024937.50073465,100703.663283019,60777.4596609256,74580.0645523027,0,70033.0913896378,76185.202562917,107268.503345905,68500.4116854659,45028.1105451654,313751.621707151,99759.470959784,100587.20845075,57291.9580475039,3101995.55800061,60904.6090545133,121057.515324812,63457.262749386,90399.1038529946,1482443.53201832,669750.459223928,46882.5538830539,71895.2525201464,107387.326365188,105641.357480487,64460.7070996894,15286.4431405919,74159.5191510265,98708.8434601097,68584.8436631135,63666.6225058566,13781.2288562013,72837.6072283027,3128113.30128371,270332.393425611,82454.2313699158,114185.822815876,85952.140661167,1244669.28449687,54952.4646670256,652390.063003444,85385.3975882862,74487.6501450208,24785.510968844,114812.248056918,2055.75693539306,299863.896936422,2220615.93543739,83847.9438064113,46831.9119194288,51999.0061234533,146997.541230604,422348.463174801,96741.0767582508,97745.8521818745,351890.407066246,86677.7792073077,93591.7925238832,13649353.8642038,51060.5828777115,109245.286883983,86247.0401330677,26729.503209787,1144634.83465048,402318.226164624,84207.0833156157,42301.2344553096,1203181.39426777,62126.7859077701,198059.512202957,953824.408320709,295338.29347241,589219.449012471,179144.200238422,35043.1869934209,55266.6441035197,101454.003033001,4149779.29531166,219338.685292156,1972831.61325397,2008143.74196005,73500.1055956754,1149234.6422993,105096.133562725,98000.4752644046,178794.980674656
138917.706514465,160867.364928307,106729.47150234,176066.018455213,319991.234356103,81906.0096138504,169321.87804512,1080153.59608612,1679604.05901211,1370568.97311161,110241.584178452,138458.6394605,270896.66118808,122826.099415114,1955954.55928605,158783.587119258,118302.725918586,138184.878084271,70033.0913896378,0,137142.580059977,167603.686917622,132369.850530723,110189.527555505,243996.120067179,162475.71115569,163278.763966953,118671.722571707,3033269.66504242,125141.598677782,74523.0043216327,127562.463855435,153411.514015355,1413710.76485211,602068.697220164,40968.0509880711,135614.08790117,58190.0097163932,166093.174397259,31334.7989432465,58049.4448467208,102180.408813547,161456.758827403,65017.8960420436,39899.2553058686,75488.1449074885,22092.5510528959,3059563.28358463,200313.068561957,145749.630838203,71659.9041547202,48457.010352013,1175595.27617476,101287.683861284,585020.498989224,139409.937723564,138096.321766084,51491.8862303549,177115.214663097,68346.7763430063,239588.761937624,2152248.24205977,102553.198814197,111870.128080587,39904.0801709572,94191.52486226,352503.9774774,159548.364341757,160522.088130899,284013.780261642,29966.4338945832,53252.7774113305,13580596.2164502,112596.808593266,171692.770817458,149403.023804837,50265.3535210387,1075366.21294388,337657.797549979,106880.470670762,105400.172565271,1135497.90982348,22809.7349171006,132237.040647453,886374.941481721,232572.964566706,523321.999391398,124480.657861929,45588.4103635204,119804.653509693,164119.980327757,4081108.23162718,164300.059513565,1904321.27605318,1939674.00592131,137151.61477924,1080729.34158942,165555.928436205,44158.8503498129,108854.218750409
9775.31036914087,23897.6436638315,240916.049621694,38925.633457417,447706.130360981,147798.628598094,32877.9283097113,1197334.7529045,1795744.1587756,1486467.43968315,27716.6572172519,6306.16214644621,407974.118202754,250021.071812926,2074352.37963555,25031.7193596039,19472.4628444271,8453.70922561249,76185.202562917,137142.580059977,0,31191.6259164996,11060.4280637279,31818.8510377819,371462.108898366,25457.214121784,26240.4683535207,19049.7126102543,3149905.26292205,17025.3612724967,196958.491344712,14860.4374728662,16897.9486353359,1531119.60155927,716461.48068937,122889.358348462,9209.76874408093,151051.091718362,29585.7095268915,139590.566981103,91394.1557606233,62584.4380836529,24467.6214361501,96514.8966058953,139639.453969176,64784.9963712629,146038.570186047,3175278.01166634,331224.465290498,10752.1787130187,150448.319217353,161891.825968151,1295113.28655395,41259.1736674102,698260.270210816,19359.1763373105,8466.92920856557,100853.682833778,39978.7760114302,78226.5258277296,336322.939821079,2267344.14899434,75820.9455504855,30088.0245593745,127994.533431974,222480.707299534,485512.167694011,22625.5623898468,23561.7837788392,402000.715595927,159822.864235793,169521.69765225,13696868.563091,25356.2396824428,34555.3850019656,13450.2952156949,102794.394819124,1196165.70191129,444059.06312408,70875.6085696013,33906.1733947091,1248370.10062441,135807.124947294,248126.964923384,998791.548902586,336047.786245465,631607.701020959,215619.703856391,111082.448578666,22107.3695942023,27063.0375167766,4197278.99359719,294900.861098747,2020245.28650663,2055375.88649499,8673.66637339475,1197404.76007902,29038.7707529596,172342.462394054,243183.482983524
28948.2080335939,12409.2467491674,271961.943447216,11080.7853355717,474539.098677766,170638.371905822,1866.32456945693,1220219.62213365,1818046.9382995,1508823.54197541,58898.8743645099,32141.519325435,438151.64403688,281205.802713445,2097237.51861968,11082.969732696,49309.5020687526,33490.7442745979,107268.503345905,167603.686917622,31191.6259164996,0,39392.2044349933,62497.7595246653,398498.297646459,11291.976188385,10786.9766304493,50238.2823201727,3172102.26172397,46829.8224066241,228136.917495958,44328.7007554665,18679.2768442057,1553885.76853138,739189.223765461,154040.70685164,36089.5806825068,177127.888071638,1642.77768900238,170779.335337539,122510.339714629,83396.5688024599,11985.0791342743,122273.825284654,170800.826161051,95975.1965915723,177109.098309877,3197199.7781356,359269.72798892,25971.8016241897,174836.784570186,193061.975397638,1318600.867859,68416.6688395307,720735.765942309,31703.5113680339,33579.9755258597,131983.870440467,11779.6536090272,109315.240805973,357221.947700083,2289221.75841998,94834.6284141869,60717.8531801604,159149.339555688,253670.516956922,513789.494390106,13404.4611277786,12658.95580889,426699.213439475,190863.075632092,200694.10096315,13718699.3465571,56545.4764560154,9043.95192325621,22434.1500930464,133926.811012561,1220081.03327188,465928.974448239,89039.59499666,65053.953145076,1270028.28608067,166930.903184168,273908.55655916,1020559.73915708,358284.922659056,653042.954059999,238206.818094383,142223.816993711,52379.3972556037,10302.309163421,4219254.31241545,326090.606451147,2042420.37958107,2077477.76951552,34535.5601750688,1220148.26586506,2180.2007001332,203475.686705946,272448.934944269
