"030701088801406094","031201088800101072","031001088801106077","030701088801406022","030901088801202092","031001088801106159","031201088800101024","030101088800204114","031201088800504052","030901088801202026","031201088800504108","030901088801202061","031001088801106094","030901088801202122","030201088800703073","031201088800303002","030701088801406040","031201088800303171","031201088800101003","031201088800303099","030701088801406004","031201088800504056","031201088800504016","030501088801504175","030701088801406142","030201088800703165","031001088801106022","031201088800101041","031201088800303167","030701088801406130","030301088800204001","030701088801406112","031201088800504142","030301088800204021","031201088800303074","031201088800101076","030701088801406016","031201088800504096","030901088801202107","031201088800101057","031201088800504004","030101088800204020","031201088800504069","030201088800703091","030201088800703111","031201088800101103","030201088800703019","030301088800204049","031201088800303093","030101088800204040","030201088800703129","030501088801504047","031201088800504041","030201088800703110","030201088800703055","030101088800204058","030501088801504026","031201088800101148","030901088801202046","031001088801106142","030201088800703147","030501088801504159","031201088800504028","030301088800204085","030101088800204028","031201088800303130","030501088801504111","031201088800504083","030901088801202031","030301088800204040","030701088801406058","030101088800204002","031201088800303112","031201088800504120","030501088801504069","031201088800303038","031201088800303148","030901088801202076","030201088800703037","030701088801406076","030901088801202016","031201088800101133","031001088801106122","030301088800204076","030101088800204061","030101088800204132","030501088801504196","031001088801106126","030301088800204067","031001088801106053","030301088800204010","030501088801504012","031201088800101118","030501088801504132","030301088800204002","031201088800303056","031201088800101088","031201088800303020","030501088801504153","030501088801504004"
0,8399.68724333631,132539.557276964,443847.487073377,339429.964224124,1480507.68453357,251610.628337283,90030.9231808828,13006.7713051804,356630.536350019,216651.873019454,40232.1286402465,60698.1780538304,252207.547525243,11540.7743390141,423805.133808443,38128.7376857017,87209.608511304,146209.831700589,121108.428485527,45352.3840389544,15803.2707541878,133561.213672707,31878.0231325914,86950.4614822566,34667.1503652521,352141.95934089,64522.0354488515,58713.2183422508,170958.160125272,604392.191194275,23114.573050009,39756.0633989932,76615.2709652367,138130.809716876,54332.660802932,43350.459778576,15626.1299827377,72174.4021136718,89400.8089529743,79576.012329664,463811.357955293,569908.635185693,42971.6932485703,289595.200052485,130764.003398982,202088.114527659,21819.2143426718,35724.2492072341,18260.8090928082,338505.16572314,291839.596782854,69343.9002059907,40611.6603899408,391160.771207755,206082.984641921,80389.5451940615,47602.4582500204,48874.4557244363,43862.3892500455,310447.579333286,39248.048036939,367512.210041778,53122.5214441982,50379.3805803251,83166.1225532417,779663.229855035,165282.476869472,79283.7305081098,197497.822722188,90139.0443224777,325692.04608788,265906.755832307,130613.98003857,119239.198010125,492535.088820059,8544.48301338298,412746.768733055,26742.4514403201,21842.108661669,47742.6744655922,29722.6194025389,923054.740653404,176540.528522938,48817.8961404873,57204.2671387803,48303.2789751424,396939.561833168,38324.495116404,50195.1017984406,218343.650248199,317946.071854872,20208.8869110638,58158.5871270521,83354.3318903739,1319040.38613772,88589.1993136276,51435.520582147,51764.343037605,40160.9169116054
8399.68724333631,0,140745.898642712,449891.079948522,347049.342672769,1488196.96583369,259543.905920381,98074.0286683866,17008.3874620174,364007.355349341,224332.983016243,36325.4095955172,57177.9409134962,259354.141534304,10903.7111885583,429471.825780602,45547.4752428274,83914.7566417435,152593.5526722,129038.474896392,43979.4313461534,15324.2325077694,135986.868527879,40150.6368732279,83657.1007015824,30566.8506429792,360145.183094341,72240.6564361833,59608.1652397783,173823.722310021,612145.379842854,18309.9399817598,41359.7678319188,74171.5293517612,141047.534699928,51977.8087207933,45047.5412881508,19639.1554150754,69747.2567098027,97403.5230599803,76230.3064843789,471459.454743946,577268.069718031,39128.568696824,297000.787043829,133684.926815058,208695.732068225,16850.5334582505,43784.9990149109,21964.2276531746,342663.4409822,299952.15347205,76669.0041783471,42230.8488492602,397038.341348891,209923.21257654,77056.6445419719,54547.6183573419,52084.1729631006,40051.8793481795,317533.855707245,39199.8589294334,375138.456892628,61381.2705339167,55853.0947129278,87709.231108169,786550.573216713,168582.532926319,76826.8464554995,205735.78292732,97201.1291540141,331460.901806008,268752.761596592,137905.736119451,121626.776255126,500265.335220385,12994.8681866836,420624.881580492,27744.3612020396,20049.4681768822,46791.4202959048,30113.4105403991,930697.890452308,182936.28510852,45103.2294678349,56037.4243614054,44587.0368036409,402417.373891975,45906.4272126942,52048.9154154773,221870.462825179,325883.90521546,28216.0307487434,54605.0972663669,80036.5532046702,1326695.99442675,96942.0085025009,47775.0993668232,50838.6463695359,36252.0126665981
132539.557276964,140745.898642712,0,338492.97467497,212039.517753288,1350722.64930395,121065.494571775,43517.2269092748,127432.389375402,232409.595646164,90946.3415759026,163778.155961175,178335.056888301,134899.089518035,140013.462403069,325035.325247095,97076.2714672239,198643.332382214,71096.4884418302,19618.2210405317,158533.088610569,135173.037809663,137871.044838063,104065.496579518,198436.414814255,160010.358273205,220486.108918164,89883.1491791124,154393.489096562,152812.250572001,474500.162990833,152369.310331624,126331.851988478,185335.792279029,132948.164895087,168517.394004265,125473.247366446,125939.273482902,181853.947511904,44542.0603524859,192648.247482393,335307.265237884,444353.30109057,165670.677458328,166193.298969272,129323.461343656,101890.927406926,151524.393962374,103425.147110121,125177.936537193,269408.217449801,159539.595524266,70223.2462854117,126125.901515824,289962.884698734,160851.891000395,193276.323946809,91356.0430859498,136842.690882366,166281.111649497,191736.611107549,149973.010415876,239786.342643316,79443.6748427777,99596.0419080539,97391.7740425432,659180.745923742,142053.902405673,187453.833215767,65059.16948948,58988.5451481369,229303.15405527,226869.494348546,41381.3820649627,131876.935088901,363073.433679704,129486.670180011,282033.862908189,130374.591845532,146444.213423732,158132.01018892,144497.162412589,793884.375593691,87687.5519679684,169759.414692549,164856.156720263,169392.912133994,302188.305984634,106311.891239679,124121.35828194,175866.234111578,186935.960198177,116191.205045685,176471.765653819,195601.232386309,1189583.25530245,45643.438061377,171618.094880647,160399.982781225,163729.384430957
443847.487073377,449891.079948522,338492.97467497,0,166500.582132289,1076572.03278422,240358.888354293,365850.526983979,432940.887995842,138327.540812495,251630.825369092,483206.004051525,502147.979169573,204397.1255802,454728.672354693,34034.7391697726,406881.284855894,526629.870463045,297894.258566429,337543.572603267,483305.380260607,437261.696827344,335850.586896868,426474.330787345,526391.45766478,478010.241415311,203539.926259069,424850.170699147,485277.880481553,301771.068682418,252310.895543189,466941.997479391,414467.559990894,513958.548008087,326831.727519992,493603.744618946,411271.187137894,430412.841680983,509871.362847866,365570.379014519,519572.711975294,157300.618037588,184483.258492912,485758.802254919,183245.82707099,332710.873514496,243466.367995689,465656.073188169,428492.588312784,428275.410793929,153683.745801608,237021.973403522,376742.778149369,413710.973582933,54069.6092733091,258863.192401643,520322.360516721,396688.833087666,467598.711973286,486580.0608924,152747.134100047,474906.534923098,155868.91099045,400457.789784251,394092.35279794,364304.175631272,349075.580586991,300249.465507523,516425.053558916,298473.309919187,355484.105361795,119606.561105644,238478.461147658,318476.911150566,347269.431363702,178861.829501148,436921.937291846,180311.173234645,426331.912465656,464135.47110795,484106.224539203,466931.162132294,527408.164229999,267736.672298044,491173.388857293,492568.268806981,490698.975492638,61341.2081116088,433685.487463116,405243.801194759,254483.886321481,206441.642736785,435741.458244508,499804.292782162,523065.941473818,914872.434539643,378350.833122447,493597.210668188,487312.371532756,483139.699438164
339429.964224124,347049.342672769,212039.517753288,166500.582132289,0,1141210.15793596,92510.6312889357,250499.867970816,331528.009543723,28415.3159400961,122849.272855614,374261.073980375,389927.765447282,94330.3911001949,348481.420859938,172432.933513027,301520.697069635,410678.013513054,203468.72205863,219155.440405173,370128.504207663,338052.165627913,273089.623609912,314199.032225514,410473.510008762,370030.467355631,46046.652224652,301655.73390979,366397.391721706,253437.332927435,265655.641572736,361124.991911072,321292.409670643,397375.28602759,263476.206844924,380235.407335473,319020.204166761,329469.602312141,393882.121767681,250864.211951669,404643.804011194,124445.560211893,232359.580536456,376350.110762136,53145.9772694313,266336.430821086,150945.529112681,360099.764193806,314351.92861581,327992.303809994,208552.789667402,72769.3302204178,270534.22059026,320752.886830136,141936.157867631,220294.368682044,405283.286474956,293015.804805744,348879.722559973,377024.315888562,52491.0734615016,361519.571968407,28095.0533323436,288165.467256581,295765.355957796,275019.790735651,449171.006433471,246195.267678834,399489.163728912,155029.067366685,250816.930535651,127815.908294955,245813.133404232,209793.69101852,278879.713057868,153753.926059352,334572.777667611,79521.5976466524,329899.381586634,356095.665368973,369904.614802478,355451.787680467,583652.475843118,176793.403177569,380805.38386418,376837.689398991,380413.897860315,166811.897111893,317837.561019484,314793.463406715,226151.563551226,40171.1911237331,325695.824345061,387969.657035898,407625.576381459,979657.926868735,257346.778608636,382809.640472138,372297.787092754,374206.913207104
1480507.68453357,1488196.96583369,1350722.64930395,1076572.03278422,1141210.15793596,0,1229752.97374599,1391055.04735173,1472736.31533136,1125757.47668054,1263870.77261384,1514374.00215808,1528890.79321962,1231590.51212254,1489321.96678009,1107949.29086968,1442686.66772089,1547700.711475,1342092.48652198,1359719.76002828,1509123.24602769,1479233.4073073,1400777.1856659,1454378.87853641,1547518.20969594,1510396.22054877,1130842.42461673,1438316.12504403,1503129.04102616,1371257.74636571,876278.348326929,1501928.12900006,1461790.31310409,1534413.07081634,1391166.87231927,1518976.17350424,1459339.75682055,1470677.45902881,1531280.33734474,1391518.17126547,1542271.74674758,1016768.59094945,914474.495970045,1516327.81389842,1192163.65901104,1395787.51506886,1286514.48677302,1500942.85955282,1454081.43250594,1469184.83751022,1228207.86489342,1192777.24610498,1411740.62062389,1461208.88682073,1128415.01799761,1329573.86692168,1542849.75524964,1434225.53916576,1486177.68680759,1516957.88967977,1175031.12896286,1500605.26156608,1113115.28260789,1428705.91685411,1436709.27440003,1414040.84231865,732327.351913889,1367557.41627872,1536304.23557972,1288341.51862986,1391963.7589991,1188766.47943377,1315014.6323323,1350934.41399741,1409800.42647311,988010.362863973,1475767.21967548,1068716.84729364,1470874.14178703,1496595.62222665,1508549.77062583,1495200.45403977,557706.006162796,1313255.26012843,1520475.12500564,1514740.68726727,1520113.03728345,1137271.2296933,1457004.79112287,1454718.47180878,1327682.13516124,1163818.91068772,1466167.31174362,1527093.03039635,1544958.90228713,162084.236023404,1396364.51975948,1522333.70100861,1510587.71953291,1514323.23584285
251610.628337283,259543.905920381,121065.494571775,240358.888354293,92510.6312889357,1229752.97374599,0,161664.239029379,244851.241182899,115983.536626502,40146.0539515132,284624.890048029,299397.299793889,55900.273382331,259948.360065408,235831.802477945,214370.562525421,319324.067732556,128616.472297942,130522.098883336,279593.571042289,251933.294414163,207645.936268033,224664.483064024,319123.216113431,280688.604708344,100892.506668492,209958.538478581,274867.59449859,198860.065679896,353489.357026065,272484.001438515,237906.875662803,305996.970041659,198794.792118143,289562.232068885,236090.661795807,242996.925154446,302625.617243204,162232.473750234,313495.812609087,214405.397640921,324478.882102889,286582.371859475,57165.0147041934,199643.461738268,90793.1472512582,271554.306551926,224333.574319676,241793.673344673,224450.760369598,45168.7805004043,184181.314086408,237478.77220789,200769.790365123,178068.61981468,314106.720108856,206732.676653183,257501.802855111,287209.490758264,87947.1663767543,271038.391511533,119607.57051994,199187.581220812,211395.35942609,195671.952396169,541639.572278112,189328.783806511,308044.011109291,62683.5623003276,166039.026752013,155934.392772449,225826.580208138,126068.539995211,209780.733582024,242011.335707342,247509.65722602,161236.292176846,244988.355780808,266945.220641651,279170.425566463,265465.017418605,672825.379573182,109600.186286158,290767.320636918,285752.888123173,290394.087856138,220140.501386799,227370.195580034,232762.066639366,189018.413423526,66384.0426027682,236539.85751059,297536.602412172,316371.077167169,1068558.03274542,166694.017635134,292653.503513139,281379.023063555,284574.330775451
90030.9231808828,98074.0286683866,43517.2269092748,365850.526983979,250499.867970816,1391055.04735173,161664.239029379,0,84158.9303455356,268970.927477423,127710.329037969,123787.971001745,140121.315451705,166713.260998218,98314.6893104305,349287.334564315,53672.5082833054,162579.126908527,73885.248232837,31393.6204028564,120448.685602484,91775.8415647163,114157.010867011,63786.463085885,162351.701631172,119533.16563963,262114.216135166,60214.8238241067,119787.101435402,138648.586964751,514809.106509983,110888.419500341,83352.4318779868,149503.027282009,111955.163722337,130715.392401095,82764.7052453486,82573.5911080841,145653.184204156,1664.47250731537,155989.206118647,374644.601640463,482033.167208959,125922.326606108,201978.758167021,106522.544744238,122755.690339781,109934.515317527,64396.3609527766,81743.2908501477,280164.777043315,201921.253767194,27797.3653410307,83209.0832044974,315064.366815783,158077.647779506,156680.368617766,47906.0055066028,102016.816036302,126609.264276639,224934.585529028,111829.37696205,278515.394586213,37679.7330955192,57016.1585746588,62743.1952538267,694397.385984495,128880.050713886,151838.782557137,108418.229782371,26229.8449678534,251496.106985928,224557.477703472,47621.0061164735,104661.93417384,403052.230322806,86411.1189494791,322872.679140199,86879.7492937198,105619.743676161,120604.200441957,105197.05648121,833791.575985691,100963.296686916,130522.782264229,128313.457133399,130109.97834421,324445.091710157,68714.090154557,82078.4531272679,172803.940500576,227981.504992077,75203.7519251273,138041.405973309,159238.847805812,1229703.80268089,17796.1561720371,132608.295474747,123376.377283191,123732.977936122
13006.7713051804,17008.3874620174,127432.389375402,432940.887995842,331528.009543723,1472736.31533136,244851.241182899,84158.9303455356,0,348061.851254596,209003.663391762,52638.6669341745,73316.5512483353,243133.777535339,24387.917662964,412470.361565704,30584.8091203637,99929.7007931596,135803.944022518,114556.332496067,58352.5881596465,8396.92090124602,120584.370263391,33929.45563726,99675.5743647979,46954.3830641542,345631.487423935,68258.494411843,71323.0099654727,158036.774514046,596864.038917216,34922.0928789525,26986.5751542454,89535.915068392,125215.141662368,67247.6105016529,30502.6929017895,3056.9088170382,85090.0587390731,83332.5066246758,92272.5130905776,455967.999759196,561267.110012835,55408.3858710234,281118.72203592,117839.32915499,192013.205146977,33497.2181710223,39053.0458946472,5274.78492641008,326029.08679563,285907.49346777,61018.5380186242,27799.0722281156,380056.875797146,193447.253725733,93100.2740467073,38547.6728026628,60370.383716337,56325.1122517375,301227.645490679,52170.3570318721,359622.733528706,49212.7669132695,38866.5051348338,70862.5957421874,770015.383387815,152455.71569598,92202.0065367479,192472.028755968,81061.0494584598,314468.046510095,252990.897863415,121978.377794401,106267.456807307,484945.561597444,4538.59826134863,405697.083382846,14668.8963703511,34717.1574367844,60728.4938722101,42636.1875058232,915156.987232143,166139.299381445,61323.839668429,70195.8818411183,60817.5156575693,385415.119339273,43459.0671476281,37304.4294930467,205593.977490801,311171.37919587,25437.3905555533,70759.9100604403,96066.2425514813,1311168.65298332,85197.0898983286,63977.9607376214,64759.0297457687,52566.1558473117
356630.536350019,364007.355349341,232409.595646164,138327.540812495,28415.3159400961,1125757.47668054,115983.536626502,268970.927477423,348061.851254596,0,141731.43141649,392617.150728386,409014.517978436,105853.880651376,366119.259329727,145702.045626592,318533.486615709,430590.233173233,216427.051571012,237829.441336483,389274.432383473,354213.503564178,281046.884489735,332736.50546048,430377.76498456,388170.601550346,68466.5814025277,322290.411004976,386625.046455504,258052.326841977,252722.014603022,378778.945689443,336082.420150111,417336.616313492,271342.661340568,399482.543359885,333600.748587512,345888.895262942,413711.846113908,269202.840373733,424330.851341033,111430.410464761,213282.155464138,394810.759267697,67064.5588539681,274876.024432164,161482.048473146,377696.18910184,333264.709609999,344267.461752904,193021.801914923,100852.948286741,287344.123078958,335494.530335182,116760.445147597,221901.712482182,424993.585879488,309587.411124387,368964.811795502,395517.010667008,51709.1090290111,380649.968769523,26714.596673526,306447.953879381,311283.19158452,288390.79238627,426882.372018802,251756.929580262,419529.071623271,178568.677085877,267013.177400702,112769.321209044,239705.539887305,226116.207484922,288078.295090459,142156.160445732,351320.429617372,79607.399684767,345429.739277161,374144.143453223,389248.534844235,374167.365085503,568063.274052051,188087.481450311,399480.57819788,396519.633732071,399069.762872124,142352.905219751,337124.272678118,328963.629307905,225953.724385522,68584.6207266742,343889.931441281,406970.715948451,427425.03729424,963949.593911333,277106.017031423,401577.853599245,391812.875666003,392560.26829383
216651.873019454,224332.983016243,90946.3415759026,251630.825369092,122849.272855614,1263870.77261384,40146.0539515132,127710.329037969,209003.663391762,141731.43141649,0,251497.419923846,267475.798165715,47959.0687472229,225639.618783444,241722.166435875,178829.971458678,288864.550944622,88497.3024284109,96414.5013142648,247702.961860281,215718.864961495,167682.722691704,191467.341047582,288650.58171088,247220.115182106,139045.49626616,180753.998327552,244916.88947893,160536.313661788,387870.925909642,238279.199053342,200207.090112396,275605.637882472,158928.703546875,257877.207691862,198193.704547768,207001.196085553,271987.417317071,128048.099023422,282626.488685038,247171.510554263,354433.190128567,253619.815392339,75254.1766955637,159616.059492866,55076.5391927107,237261.828694157,191771.838448578,205617.801305496,209531.331309813,85288.1598078335,147995.374233633,199731.359326843,206214.920362521,143453.110290123,283282.653355524,170545.387777276,227241.252823301,254301.142756649,101515.64835139,239084.202776284,150905.995116234,165355.653501962,174089.782830952,156480.80139756,568299.869996189,150677.515068503,277799.040910106,50538.7927560391,128795.550944158,151660.197220754,196940.022287243,88039.3888289032,169643.803495284,275960.071886339,211943.773218123,197130.003906779,208047.653699615,233267.829707765,247611.180021301,232802.731413733,706408.630264545,70354.9417400896,258153.181203429,254808.876216984,257750.481607757,221901.89177517,195487.097007874,194507.249056454,155637.365460251,103934.784343241,202883.106987764,265469.138858553,285706.099911118,1102391.51163967,135376.102624891,260194.472860948,250129.413186216,251442.527151759
40232.1286402465,36325.4095955172,163778.155961175,483206.004051525,374261.073980375,1514374.00215808,284624.890048029,123787.971001745,52638.6669341745,392617.150728386,251497.419923846,0,20884.2677279202,289258.700854374,28824.0721843419,463597.598715214,76345.2874202888,47653.0873205127,185327.463567425,155120.671439149,14634.7364702747,51493.1564900385,172239.842606195,60076.660615256,47378.6758993969,5771.29062522637,384231.806328415,81043.516529164,34801.9256194469,210128.005409328,638100.630190821,18076.2665579855,77578.6877358607,38572.0150054369,177351.907511384,17426.8417429477,81282.6767952326,55302.3120994836,34267.5991713533,123479.42900094,39970.9604072371,498298.729747369,605773.750879997,3029.14460022251,325572.791393898,169999.461253449,240674.057534655,19569.0652078864,60357.7743622724,57848.1916804732,378637.234631319,322981.31105743,106989.121888976,78468.1596801875,430744.115647182,246056.129883348,40763.9475511018,86524.4640181897,39275.01365313,3733.00923667557,347595.601385326,18438.9715401092,402255.60822953,86185.5073604434,90556.992407555,123356.802670448,817166.166744457,204864.747775793,41178.4289427679,227505.969256795,128207.887375446,365411.759341505,305049.05431949,167658.172700315,157868.918383531,526492.224440452,48207.5116023609,445768.049957494,63940.8565024455,19070.7694615634,18144.3288928202,19656.3943473599,957313.694128447,215568.380621971,8922.49201449215,24401.1112133812,8289.19614285095,436890.129392522,58093.659390059,88269.9781094189,258112.370558469,350681.843024163,48743.4140018734,18310.4173583728,43766.1008700703,1353140.12440311,118213.207625681,11499.0868443635,21013.7932548493,116.705099394155
60698.1780538304,57177.9409134962,178335.056888301,502147.979169573,389927.765447282,1528890.79321962,299397.299793889,140121.315451705,73316.5512483353,409014.517978436,267475.798165715,20884.2677279202,0,306537.141261901,49171.3811786261,483016.569345921,95472.5830795416,26772.2111849566,204307.280972232,171192.958682272,19839.7565651435,72366.014724198,193119.514431772,76601.9052757482,26494.5881834868,26640.031581251,398184.101153933,91573.6159836022,31504.963446613,230995.203657498,652761.51024922,38958.7955090219,98458.6723982889,18847.9882165501,198212.284678032,10144.5104766964,102158.755142582,75993.712983859,15045.8238642056,139969.323967346,19094.7575295372,513581.324206397,621903.765179354,18072.6664671865,342067.389186176,190854.638096649,259138.221297862,40410.037507259,75756.8090482696,78551.7884636789,399199.764466971,336527.978786644,125441.931842862,99341.4784288549,449932.171319089,266743.724232686,19886.3064011351,105852.050809299,44539.2230192691,17152.5237320615,364848.151017084,28410.7398341925,417822.05567059,103030.410396449,110758.743838609,143843.466630466,834422.322280751,225679.1249206,21241.8584604602,240854.916333588,146713.76888326,384776.003915973,325922.801577197,185321.204347949,178750.873914528,541404.574672865,68861.8507461939,460181.769404548,84820.7039588508,38996.6321341964,20470.606887148,35312.1162562692,972200.635603314,234414.563658335,12128.7481405762,17044.3058768233,12600.3066574755,456520.538370543,72107.3521980216,109151.454672442,278885.377562277,365093.505522228,66472.3321619675,2574.84343817567,22883.1090225952,1367837.59310915,132735.767320675,9412.38336912461,19221.5768785826,20957.4826873164
252207.547525243,259354.141534304,134899.089518035,204397.1255802,94330.3911001949,1231590.51212254,55900.273382331,166713.260998218,243133.777535339,105853.880651376,47959.0687472229,289258.700854374,306537.141261901,0,262075.747242939,193784.943102251,214098.107269879,329284.528498035,110586.319576744,136451.598504271,286987.695023672,249028.746839761,178934.193906016,229939.540780122,329060.908447792,284577.881530763,124698.944885178,223342.075150104,286165.300842258,161397.144586049,358029.261133396,274705.331933297,230351.564900421,316192.386470164,169363.332575048,297290.009438777,227824.565266262,240889.435172957,312361.904933267,166738.63063952,322685.803293279,216414.253354449,318404.119868882,291567.845602265,41187.7562181455,172067.773030452,56631.798066122,273567.474422022,231006.071032313,239175.65298488,168992.343352521,89767.7814829925,182886.372177439,229751.81130573,158281.436687024,132731.373270613,323385.5301057,204819.642058229,268382.491863812,292312.621077893,58337.9402045613,278385.750512868,121437.605342154,203510.770455312,205848.08161654,182546.027136329,527934.255998739,153413.406836133,318507.9226867,97627.7396048977,162155.962375754,104851.189994932,173078.374861156,121690.766781697,184550.019596133,246631.420692635,246540.592953499,173604.613629051,239939.049079608,270507.221918788,287256.560871764,271353.926711327,673905.398589718,82743.6739506422,296487.304441532,295025.357713332,296055.041140389,174101.772235673,235415.186971479,223130.292928498,141466.227266876,91690.2131489317,240575.496629575,304382.452164896,325948.044048194,1069761.48598833,177019.87785065,298697.729065337,290078.908496492,289198.819107226
11540.7743390141,10903.7111885583,140013.462403069,454728.672354693,348481.420859938,1489321.96678009,259948.360065408,98314.6893104305,24387.917662964,366119.259329727,225639.618783444,28824.0721843419,49171.3811786261,262075.747242939,0,434906.263858535,48196.5366893712,75669.6594259726,156934.993422796,129615.076770482,34112.3819924941,25338.2475344424,144910.100093175,36613.4550287208,75410.0327751653,23367.2117516939,360214.508749856,65831.2044269783,48829.1184758364,182410.182278911,613100.426689205,12682.0219296015,50705.2794387494,65149.8451695138,149585.335211342,42859.8833500339,54355.3007435953,27050.5674912739,60707.4880566902,97813.9907385323,68036.1324709544,472772.107675951,579388.668345299,31528.6150118278,299057.962895425,142218.142649868,212586.001814332,11644.4902778142,39014.0825705918,29659.2380442455,350029.315754455,299540.903585102,79259.3437924101,51574.043085786,402149.652941226,217623.491364747,68849.5850128788,58115.8716037259,41347.9200040985,32412.2516543173,320373.50151647,28629.904368531,376541.119417352,60782.7594914894,61739.9578658224,94677.014561973,789776.641404209,176794.608955322,67817.6889404383,204685.283345181,100309.809094205,336750.418005602,277364.579017871,140388.589060819,130571.58106934,501312.417100155,19898.3243055943,421171.410720218,37323.2175165045,10337.9666030712,36678.8945446144,19343.7785218361,931985.515300455,187232.382595804,37331.3204627825,46077.9738381828,36818.3646074775,408131.969194087,39650.277067272,61279.0447656803,229876.665395642,326227.620071701,24153.2896231451,46636.7801371512,71813.8218859396,1327931.5065311,95204.8815904005,39934.4489172919,40727.0259654968,28753.7673631228
423805.133808443,429471.825780602,325035.325247095,34034.7391697726,172432.933513027,1107949.29086968,235831.802477945,349287.334564315,412470.361565704,145702.045626592,241722.166435875,463597.598715214,483016.569345921,193784.943102251,434906.263858535,0,387545.083520387,508064.329586704,278988.774236754,322268.016861811,464564.742394334,416325.557463831,310734.542185616,408236.639630657,507821.152097426,458264.109644178,213690.988068983,409040.112202541,467749.748877115,275431.118558657,285885.090212051,446893.331884385,392766.492615433,495644.376125669,302001.693111568,474797.331595525,389455.45595593,409890.015753951,491465.279138496,348875.063866046,500849.23454722,184474.935081877,218476.875527021,466216.019108509,179115.918561081,308191.50680531,226570.301479134,445570.145738249,410619.190087954,407657.469899002,120787.29310633,238944.353511099,358090.863698021,391982.103861183,35526.6784209785,232476.746835214,501616.892094941,377190.775780502,450227.789333269,467059.352855014,148260.261415377,456298.880693785,167162.084067731,382618.990776981,373632.653911413,342780.579558169,378656.965430466,274740.787264655,498165.05826506,290521.708750508,336960.848082185,98262.4316422706,207325.277198751,301671.302970605,322743.123160823,208241.617358839,416575.096280152,199719.033507937,405039.344346515,444556.352757515,465571.825336478,448016.056753671,560242.108141306,249342.727080971,471769.062872029,474274.095230528,471283.431172882,29682.6812316916,416104.147853906,383209.299432313,226887.536157929,210986.172437586,416918.462561612,480615.766265742,504421.417838683,946406.970402799,362788.514409922,474254.548926891,468919.19227057,463529.55670476
38128.7376857017,45547.4752428274,97076.2714672239,406881.284855894,301520.697069635,1442686.66772089,214370.562525421,53672.5082833054,30584.8091203637,318533.486615709,178829.971458678,76345.2874202888,95472.5830795416,214098.107269879,48196.5366893712,387545.083520387,0,120834.815697781,108992.330565267,84028.9772964373,77308.4643903072,38116.510188956,109473.46749487,25599.7241351306,120581.075311433,71244.487357979,315118.453160279,53081.2635853321,83978.1453885963,144153.502768487,566679.118094594,60728.3658293343,35462.6079369913,108845.271643238,111926.123212678,87423.0623026457,36623.8756166295,28903.8600551853,104539.334811161,52814.6230729697,113484.35392715,425939.207523119,531808.904049543,78886.7265527657,251509.721353008,104781.780230638,164423.713670766,59563.6080648142,30639.0459117013,28155.7453878792,306134.625770857,255356.130782683,31223.503638177,35731.1810193469,354514.474975401,175355.482449072,114256.740462947,10527.6306898943,68324.4275124741,79699.4134825024,272353.124208321,69323.8534460633,329611.09269077,21483.2305286586,20775.332162839,53071.7345062284,741651.23795792,136971.292746984,111445.264892097,162072.981021356,52130.9437777619,289307.201538301,238089.421289522,92492.7962400806,95926.8833563388,454783.248774579,33165.1019768054,375316.057346998,34484.4888721313,57282.9134112066,78641.2777058879,60631.0543995988,885171.608522429,139224.653562679,84318.7651724561,87744.3761458001,83830.9148118652,361091.988589993,37479.3864005528,39638.8488466212,188554.357331302,280713.908239241,30085.2050615765,93073.7651277865,117116.629011736,1281173.07951132,56292.0759440152,86759.8500090327,82235.7814566334,76279.6882278871
87209.608511304,83914.7566417435,198643.332382214,526629.870463045,410678.013513054,1547700.711475,319324.067732556,162579.126908527,99929.7007931596,430590.233173233,288864.550944622,47653.0873205127,26772.2111849566,329284.528498035,75669.6594259726,508064.329586704,120834.815697781,0,229107.417782878,193131.605552933,43592.9922735693,99112.7626061661,219870.142981328,100181.611455089,775.816145459068,53401.0330204398,416907.865407658,109495.698576605,44581.7412948709,257733.305432008,672024.871745047,65723.0468818216,125213.226842247,13445.4877400593,224945.393830961,33504.2431718585,128906.426805189,102621.921738814,16957.1893317808,162579.670068778,7686.52844190153,533714.258869551,642967.75175531,44809.1399599932,363858.824538259,217578.646084158,283286.900388759,67144.9500700744,98491.8660399253,105174.748430658,425587.518905191,354925.039828207,150018.834235423,126085.192610027,474722.599955083,293286.684516263,7020.53549841831,131315.703709111,61849.4255424144,43922.6517367021,387473.636647829,51775.3398730078,438411.246616121,126387.935486182,136938.18241625,170232.268604612,856765.138799495,252362.45712551,11529.7684473736,259414.621620142,171225.118632509,409802.196650992,352667.215269663,208821.620173754,205507.252340541,561066.484498752,95470.2507436428,479344.840223055,111575.827646394,65413.4354604832,42534.0845520412,60206.9707925429,991588.634420198,259015.009475956,38828.9348948866,34283.8617869214,39365.2857653411,481822.938661665,93869.3872662759,135908.451821163,305520.661618099,384424.521789677,91163.6579098204,29344.6754948109,3895.66056592268,1386898.26985812,153503.918365474,36162.3452902109,39420.0726916288,47726.4077199446
146209.831700589,152593.5526722,71096.4884418302,297894.258566429,203468.72205863,1342092.48652198,128616.472297942,73885.248232837,135803.944022518,216427.051571012,88497.3024284109,185327.463567425,204307.280972232,110586.319576744,156934.993422796,278988.774236754,108992.330565267,229107.417782878,0,56323.8279448725,185647.777646564,140845.591301074,81270.309268401,129278.437713761,228865.245687042,180165.261458802,226186.881462477,133744.423959071,189049.7279492,85055.592187043,468445.956987877,169257.917227862,120447.339202866,216658.165687955,73460.5054592802,195909.273871666,117739.334347753,133371.292603595,212481.061194868,73065.2553117245,221935.052987564,326821.739694591,428417.436565782,187868.954332949,150853.024903568,72773.2425830598,56480.627732858,167996.953850533,131826.23855744,131392.324709913,206360.097011874,173687.936755414,79105.0874573363,119802.091477204,245651.77303961,89875.5123683054,222698.25228429,98840.6922143115,171705.201435868,188690.668132643,167405.52489172,177336.199596299,231191.362388772,103946.53834914,97302.5514963073,71966.163597803,634613.683719236,74153.515252465,219178.132542155,102539.912966661,57996.5446471583,180734.45329338,156232.797928117,30637.5209067875,81559.4178568099,356833.806341568,139605.463563819,281403.270366789,130855.170755866,166258.92545386,186597.856933877,169161.490588822,784431.882942798,30345.6492663738,193280.490686286,195286.672281787,192806.539737594,253071.354527238,137517.85519444,112772.073602045,104913.386466836,191032.134131486,138005.847003646,201946.864689081,225483.348110127,1180229.25493565,90256.5554829674,195709.644775686,189936.012924165,185261.458723079
121108.428485527,129038.474896392,19618.2210405317,337543.572603267,219155.440405173,1359719.76002828,130522.098883336,31393.6204028564,114556.332496067,237829.441336483,96414.5013142648,155120.671439149,171192.958682272,136451.598504271,129615.076770482,322268.016861811,84028.9772964373,193131.605552933,56323.8279448725,0,151468.888139875,121872.659826414,118553.32453155,95070.9350567274,192915.810810302,150891.159048521,231150.344786328,87363.5350478606,149743.786877229,134948.07772765,483488.809014395,142216.914569543,110504.156301154,179973.344607181,113891.318377385,161689.375592935,109296.894330159,112820.004024255,176219.682260037,31818.8683937865,186698.240835884,343283.663116508,450788.892000547,157221.550050538,170902.686274978,110045.48505733,96227.0362324486,141231.480393036,95459.3411096282,111739.280044861,259956.431015885,171416.745927395,54774.0459955974,110203.565817242,287618.016630059,145921.8092101,187385.461803522,76973.6790302622,131976.841957133,157911.412424064,194454.25239361,142830.215696323,247164.113608639,69046.2267075371,83567.5955392227,78367.1473310606,663637.539342864,124314.013539524,182244.118754138,79725.3230052349,40620.2418866805,225205.567703836,212463.340519519,25716.3984870171,112356.336214878,371714.930784791,117089.840605523,291655.245916848,115855.146657861,136987.093418115,151475.530264226,136420.119618725,802438.780645493,77809.8430175932,161756.214793799,158937.395073227,161360.91017704,298292.009186069,99382.6417606656,107343.497769599,160963.610826632,196847.559689781,106566.613747373,169154.307653743,189874.235978506,1198356.52488492,40866.1184516893,163816.134598581,154134.169136672,155066.164751996
45352.3840389544,43979.4313461534,158533.088610569,483305.380260607,370128.504207663,1509123.24602769,279593.571042289,120448.685602484,58352.5881596465,389274.432383473,247702.961860281,14634.7364702747,19839.7565651435,286987.695023672,34112.3819924941,464564.742394334,77308.4643903072,43592.9922735693,185647.777646564,151468.888139875,0,59173.6100100359,178895.561685849,57168.0781647622,43317.1616473606,17859.3003635435,378450.84742317,72317.9949974429,20243.6041882874,216208.583900051,632976.482385824,27633.3342200072,84787.0231731673,31736.0757049179,183379.944625455,10330.1291560163,88452.6865669327,60941.0386575444,27374.2083308228,120330.239723675,36357.9125668445,493774.817714152,602127.756735129,13790.0357433614,322348.555725633,176027.546062784,240082.553956512,28976.6190531124,56053.3842685073,63607.905736216,382598.074496058,316842.915138943,106593.078040357,85674.0599138465,431289.623248652,250682.758462273,37063.3202063089,87802.1972315051,26766.5388642505,13495.2911153594,345278.604021262,8747.68133363328,398018.424016041,83554.4349948747,93905.8916256244,127418.169891681,814817.905101232,210346.677568137,34389.7170460699,221179.453940492,127833.187596696,366303.482693035,311132.735679073,165962.749837017,164563.167867222,521604.026654827,53869.5323482736,440409.232917894,71349.9721635624,23992.1288494267,3858.55169973714,16749.022269887,952404.890240601,215625.390117551,13692.2859497561,12145.0084537787,13468.4273217873,438290.390260118,52327.9763731277,95358.0990696304,263206.164914223,345321.074283003,47658.0916752603,18012.46289856,39902.956433065,1348055.23843828,112929.475665156,14355.9707248594,7149.57218786814,14665.6861661163
15803.2707541878,15324.2325077694,135173.037809663,437261.696827344,338052.165627913,1479233.4073073,251933.294414163,91775.8415647163,8396.92090124602,354213.503564178,215718.864961495,51493.1564900385,72366.014724198,249028.746839761,25338.2475344424,416325.557463831,38116.510188956,99112.7626061661,140845.591301074,121872.659826414,59173.6100100359,0,120757.39945204,42005.4754458889,98855.0576694596,45728.1540135952,352773.904099517,76226.911653022,73986.9971152469,158695.997424448,603521.466732073,33423.2567870741,26106.5946983223,89489.4598001131,125956.158261593,67294.2247271506,29793.8291900274,9337.86086668032,85068.6081396567,90894.96155107,91426.3328593298,462490.572778652,567329.88431237,54304.4519821552,287353.478629208,118601.985598755,197229.102889353,31969.2403776972,46942.7375113638,10173.5730643063,328108.199873429,293283.699132062,67805.5317714121,26975.591989516,384187.598554524,195219.835645625,92251.7671229028,45235.4472267623,64676.4609658109,55224.596245983,306991.371494777,53963.7201193021,366143.943671031,57402.4475125839,43544.0867630021,73797.906555378,775383.500250845,153624.663323323,92144.8247430114,200174.547766262,87287.4095272996,318489.474321847,253593.369487671,128308.727613371,106397.090318549,491587.747046819,9295.14037495359,412603.29133915,12479.8235857366,35183.530770681,61900.4407515869,44609.7024038256,921605.396252844,171125.00271277,60284.2746553446,71221.7856901408,59766.5168664703,389046.635661835,50978.6817342111,36804.8346005593,206989.877817674,318223.281524056,32637.3397940327,69791.7529032415,95233.7353097923,1317617.30874933,93359.4004697439,62958.1939835657,65947.8612093926,51419.6963090926
