"040101088802202007","040101088802202029","040101088802202040","040101088802202062","040101088802202073","040101088802202106","040101088802202139","040101088802202172","040101088802202205","040101088802202238","040101088802202271","040101088802202304","040401088801103004","040401088801103022","040401088801103040","040401088801103058","040401088801103071","040401088801103076","040401088801103085","040401088801103128","040401088801103146","040401088801103164","040401088801103182","040601088802303004","040601088802303005","040601088802303020","040601088802303035","040601088802303050","040601088802303061","040601088802303066","040601088802303081","040601088802303096","040601088802303111","040601088802303126","040601088802303141","040701088801502007","040701088801502043","040701088801502190","040701088801502263","040701088801502301","040701088801502311","040701088801502376","040701088801502432","040701088801502470","040901088800304008","040901088800304032","040901088800304054","040901088800304075","040901088800304099","040901088800304120","040901088800304125","040901088800304144","040901088800304166","040901088800304188","040901088800304210","041901088800103002","041901088800103012","041901088800103017","041901088800103027","041901088800103032","041901088800103047","041901088800103062","041901088800103077","041901088800103092","041901088800103107","041901088800103122","041901088800103137","synthesized1","synthesized2","synthesized3","synthesized4","synthesized5","synthesized6","synthesized7","synthesized8","synthesized9","synthesized10","synthesized11","synthesized12","synthesized13","synthesized14","synthesized15","synthesized16","synthesized17","synthesized18","synthesized19","synthesized20","synthesized21","synthesized22","synthesized23","synthesized24","synthesized25","synthesized26","synthesized27","synthesized28","synthesized29","synthesized30","synthesized31","synthesized32","synthesized33"
0,81.8600257666686,74.5129780866136,25.0800959148972,45.3845788219597,35.8988548518678,41.0824893720601,84.0079897813833,97.2845103684659,84.2120084016194,61.9075707247086,65.0142218750533,46.5292700597185,39.0574623303679,60.6748599123604,81.8248040482241,18.1933115166721,44.0693417875868,40.7424766378993,46.9113082178218,32.9714690644223,55.8275619915168,22.8114306777719,37.2164166838246,24.6786487904287,47.9380653349977,30.9747303693432,47.2858422705977,66.7012938251735,27.5064710931149,43.9564943034598,43.5760598216302,37.3319493148686,22.5721430220413,48.249681627502,77.6669632119859,61.2382448524991,130.617083548968,26.4273965870388,67.9793707453256,169.40023429069,33.1481880596543,101.637767727467,36.988191334844,136.898589290164,241.264620019307,169.819590927264,30.4451832941026,87.7175662679231,123.33096314748,72.1400700300977,91.0966718770869,35.653677464105,125.511563179346,109.61737071944,74.2257027903343,37.0920482468477,66.5729834566774,31.4294692544472,27.390459214441,41.3853811830557,50.163863858097,42.7698659441613,51.2547676038118,19.6328225113854,42.0084565303372,120.984344443694,40.922057239971,48.865288396761,56.5505129819176,47.3263525735841,25.8277629117856,48.3407330558179,34.7533768106259,32.3497920114767,64.9964464360577,17.5791515621478,133.420657543648,109.725433534649,32.6616447474163,41.3851786814592,130.44771862689,75.0318089017459,102.805724810758,103.127238521549,142.956473127085,36.2909894554443,58.7058824354746,171.641079545452,35.5111019747294,22.5672353927552,78.3925664150166,66.0752155169402,49.1269109075643,39.0045493351579,44.30757281708,29.4710746400689,48.4401697083411,28.8619842578168,44.7905112890178
81.8600257666686,0,42.8078766318748,85.5582918156991,89.0322815771795,54.4444075906789,90.9037971832687,33.4340641213301,43.9799852349503,45.2692013496649,58.4715741205235,39.1094977981909,90.4396313771935,84.5250818750323,92.7903559633554,56.7723641246696,86.7981652501364,95.2149135627735,96.0684560825927,94.420843369135,78.5595066809294,84.2867283718011,94.3574139733999,91.9704660226248,93.8674382758076,90.4967651061185,64.2591441314475,91.4268238764656,97.1555377403727,92.2476478748139,90.3586544510872,90.2905042359365,77.8615068316837,86.1607058372522,96.2402868490267,20.0110802632667,44.2497426842585,61.1856257433429,98.9218619388974,47.0222024403718,94.1430909098142,66.8936026302276,39.0360992253973,94.7192654836667,58.9156448141013,167.30425528864,100.106307602379,91.9976726646996,26.4748062053977,55.3083355581599,43.4077867938582,39.6270016635358,91.6252929423745,48.2149598432408,36.9156904667393,39.2865837566172,92.0882803219172,83.6624882983176,89.9179667829247,79.8455114309436,93.9406621543723,62.8360020199472,89.1303071858078,68.6610523548162,94.5359480785395,79.4413082125251,44.6880887160717,53.9637831384198,86.064552721793,60.3123990157274,51.4156070995799,97.4837191263055,92.4514904975265,76.802998185458,91.4332282278359,61.871124156936,80.5440568406676,57.4376574854977,39.2704200722387,74.8741724868022,77.8425926504608,53.1903319021998,60.4059136345069,38.0913256449558,92.1771395974563,66.4245245278607,91.3324673854145,28.1071149752654,97.9587038467551,62.4299423458165,81.7763595235009,40.9594885933116,95.5627048811725,84.0103519900346,96.1967127354903,68.340123940187,80.6021824969529,38.593622191971,89.9748590639737,92.3013185934083
74.5129780866136,42.8078766318748,0,83.1688776206718,89.203790315114,64.5785049495436,83.2561786008025,48.2846169910684,42.4845483554096,47.9302758485517,34.0923763014462,63.6797595706819,61.2645383416692,79.3298515312265,75.3432021997273,51.8455945608949,82.1847529518476,76.0230825781991,90.1989098607592,73.9779592356935,56.7061581484653,63.7665415726812,87.7529392476279,78.6815468719554,77.3747730611443,69.5060553753768,67.5040970875547,78.4804170507433,78.4601055160583,87.2136620587249,69.5499814729349,77.9326912201949,76.2545258402796,68.4768111338501,70.6389970220032,48.5001945871507,41.9091750579398,100.664850530497,94.1482648029457,40.0968001156589,120.653145980751,73.0168771838174,72.9463469639706,78.7903545327407,86.1261646280542,198.488554719591,134.186380815251,82.102888164791,59.0705269833286,76.0271837332975,50.0775617625388,69.232452294429,79.6536934074813,74.0297134680053,71.8240828546038,30.8289021147375,82.5635700029886,66.7831176447091,79.595920776821,61.4499688392166,73.6369048445129,42.3744969227683,76.9699475825807,45.343773086546,89.2997217776221,59.2904431723989,61.9179149853173,44.2825723508723,69.1646100418895,41.559900907745,37.3630041250079,93.3609027218589,85.4540615838985,59.3980511641413,83.6462662702139,45.7390253353917,65.9416853589647,87.860024892722,56.869969250934,72.4899092117545,62.3035984368933,82.0027675477447,63.6731347664371,51.8910305964351,68.9334496504309,89.3719713317662,87.7513029625401,31.3872489548865,134.727102277616,68.3569795709969,73.9458433769279,40.6045754097088,73.3847472904718,57.2143525801533,79.4583442492081,59.7138475022095,74.3721706894842,53.3731706745766,80.2052737831172,76.1205375507845
25.0800959148972,85.5582918156991,83.1688776206718,0,37.8431413871492,36.285086605705,30.7845526850319,81.4032563450478,108.679150189662,81.8242811100208,64.5489313118815,66.872031473538,58.0965532917021,43.7580368218263,58.2895510222258,79.1883738857716,14.8072155259982,40.6598431677197,23.2006696875511,51.9239849644378,43.0574931625346,59.0698245386135,18.5595700366982,28.9219735805675,34.483391393573,49.3520666226128,31.4068118857167,40.5314064094349,61.0871196566154,26.8644281861511,50.7727613134551,42.9437750041875,24.0691485624072,39.9282326701101,64.2326998519271,79.9579518387998,60.9248689279442,127.277203741094,25.3466355021203,66.8074670335137,170.946385766544,23.2495682742917,102.627406214544,37.7389485168528,136.454432630114,242.280396426654,171.10927627226,21.7391894288646,90.520243318995,126.003118026893,73.3015318892671,93.2777182374094,28.1868927974991,124.593507742971,106.936698609589,76.6981716037393,26.8871355819302,61.8001253570361,26.2548718006042,38.7684493776905,43.7912762544699,55.6742502192765,39.5626888232796,53.2299640263662,22.9858630704996,48.5497651427614,126.084632575525,49.1569505523226,44.216333432269,64.4568346519231,63.4677202556757,22.9599440019463,46.6922397057629,41.2281305067688,22.1814218397424,64.8223733075774,37.7935563529385,136.131492136213,115.451472184035,20.795897974582,44.8488015914314,129.467559372496,78.8916741828123,101.489272239912,116.280767558308,147.601384698678,20.0294241617824,63.570969089962,169.971264545863,36.5542261692235,22.4677358400205,76.2047468158887,64.2092716118162,55.3959938417726,40.7613954312117,38.2807542492603,33.4824184249036,53.2429464467423,23.1105495329023,39.9027875029746
45.3845788219597,89.0322815771795,89.203790315114,37.8431413871492,0,46.3112143764733,28.6033045830237,93.3402569859463,115.597804648669,85.9444473349711,69.2094300543463,82.2078744052182,68.484674903166,30.339996782822,64.3084118619977,84.4326701254476,35.8612892976535,61.0150165216828,36.6425684777069,66.3757811298417,52.0879097972338,52.6727387412967,44.080840285355,46.2898176528224,56.0164555311698,50.4395803088753,38.2524034416157,43.5332127930414,61.5463526764635,27.281306245307,48.8668467418238,35.8309664934092,29.7133721352137,55.6879989545292,66.4310374651565,90.5337266730472,74.7311662307342,129.432619143102,52.2778109924949,78.1401390267641,179.752712453533,41.2163123625869,114.220425661197,58.7903839225874,131.712907336449,248.234280282275,178.347888807771,42.9820582998302,101.764416662741,134.874960154072,74.1944509098902,106.757471767732,45.2002143160984,128.483480906556,111.988884911569,73.9636191143177,34.2143609794106,57.2092038537629,35.7879438801861,53.4655382501134,61.4591394151456,70.838521164297,29.9994802039399,60.5168066916023,40.1698651578634,54.6235065617441,130.625145218014,59.9030991083936,52.3117571548273,70.8079701336589,72.7918220295841,47.4048953182059,26.3250481945694,40.7240043981216,35.2149109187131,61.5026597070834,55.9982161132465,143.869336618264,125.031855368342,36.5171761485061,65.1359201438469,134.86590578344,83.6816489168702,105.785912605986,106.340829410525,152.640312654764,31.1592742062476,72.8588299620659,173.362240567803,59.4778163134712,51.1388522755871,81.9825395481892,58.9792586287419,64.093455239872,63.2185317907343,47.2614590548854,31.0181548840244,61.7908815488117,30.4464634741151,51.1538989949742
35.8988548518678,54.4444075906789,64.5785049495436,36.285086605705,46.3112143764733,0,50.9305871964001,59.6033088653805,80.8216124491421,62.7968599719957,57.0417654487373,38.1083219408562,67.4293337879657,44.7439111335455,67.3279203513386,65.3422825252884,37.460468145562,63.2448765534407,51.3267704028994,65.5868067815325,49.7891067471961,62.8129069559392,46.9845892399172,53.4776349155771,54.7168902424557,62.1303271899118,17.3517446942779,57.5879408217912,74.2459886855361,43.4820465908995,60.203226071075,54.4351387025721,35.9989770106202,51.0753676754152,71.530359305715,51.1831574369723,46.642851755669,96.4265349958414,51.063227201596,54.5219999102254,141.42579061525,20.5050845200338,73.2399699227534,59.5556356894267,107.336521621601,210.620290340847,139.789631766088,49.4304231427058,60.6781683868609,99.5659830304404,54.6691072950011,65.4372364247591,52.6364578761396,97.264379936191,78.4229660224126,57.2313274951233,49.4014398996767,67.2965122575544,47.6975144529073,48.3711808033421,62.6758340038991,52.1859689197048,53.807958000423,54.6884503356916,45.7309110221257,55.2809063131401,97.034105085081,38.0697017782032,58.9585222613773,56.7124738343375,45.3032437832057,48.6112239071847,55.8885416430898,46.5462111733588,47.6566243366517,58.3100056093413,44.2584191160843,105.145808241458,87.0296814518444,32.7622531536541,52.8173706382166,100.930715008385,62.0420365784653,78.0787129681858,101.485565397817,116.493417778879,45.4776323319933,38.9528058076123,138.39546381334,26.6376175315158,40.266141248047,58.8096378418615,74.926057773803,63.9639000870901,62.2088603630838,41.5705304260111,37.5384065733379,19.3755236501279,45.498211147685,59.5940883277009
41.0824893720601,90.9037971832687,83.2561786008025,30.7845526850319,28.6033045830237,50.9305871964001,0,89.4827271402432,115.982477096559,87.065635598285,56.6501534891012,83.1988700269643,57.0173095700469,43.8117862135404,62.5253557412469,84.4217387143677,28.364359273536,37.3456248253635,31.0791300175274,59.3493880688498,40.7893955481012,47.6877942625807,31.2817302782842,21.5503230706025,41.7386233528822,31.9099332519104,43.0406347678024,20.7129293015257,39.4915306743307,31.0768560304353,39.1854888258527,29.0680193928985,18.8407493960989,44.8748081086771,58.0521622501083,89.046527546572,63.1633010445908,135.203316125696,43.2540091909744,65.2581329171476,179.612687019995,38.7776382511916,114.443853400805,36.2299753266049,135.872689301808,253.306558877899,183.397365484862,21.1333197957686,102.227390061288,133.107147699961,71.5775612398748,106.5130859258,19.7907963615035,126.905619683946,113.215040523281,70.9429546705458,26.3051411270275,41.1304695719789,19.0033132496441,39.1598391481798,37.6111516250916,55.8310529215763,17.8655027351368,45.8151366312406,35.3651445161011,41.1111863611702,129.977972745859,53.004325019968,27.4037568297779,61.0814177773253,70.3415418708695,38.3458337615086,31.1845233052555,32.2832460000927,14.2478739402489,50.639087813936,47.455364448216,145.093985749108,124.056145486168,23.3589977527205,46.958136317103,133.959469611449,89.3444192821944,100.942737924747,109.655043430673,155.762048743752,18.549238292053,68.9957809562295,179.220048498051,54.8750288496362,37.1693521139916,73.191566198936,42.0953977228105,45.2105900439386,40.91724024605,30.7129004807809,35.1372303405712,66.1908867480088,21.2125505797771,24.401951756712
84.0079897813833,33.4340641213301,48.2846169910684,81.4032563450478,93.3402569859463,59.6033088653805,89.4827271402432,0,60.197606587519,34.71958222994,57.2077022587401,42.1581320411474,88.8264028004654,92.1347722367372,84.9463941282673,44.627233946285,87.0072612517053,85.7720809759123,89.0826237366492,86.9240975859016,79.1127825607541,87.740891291395,91.752026480312,85.7418729660814,90.4252588906094,90.0849415617276,69.8248539512137,89.5535082139177,93.3503246369589,95.6074903823661,93.8280299768912,93.7979712287084,76.5280167224122,87.1530252625131,100.452638914018,26.5355846554777,37.3871650772779,69.6706755647039,96.0877428341411,39.5181122184376,96.150190858807,66.3154557712454,41.7322250688605,88.9626830984724,69.9658262662108,172.153296680517,105.427607025418,87.7223019850853,34.9774736707935,54.0372002664831,46.0406620052492,41.0843230519991,87.0238185027078,50.6798947826377,40.0570117536244,48.2877956091613,88.5944946070723,81.7536517606356,89.3245178319292,78.996784970334,88.4434299218885,56.9637019194116,90.8453442580565,63.3864838467225,95.0724445968664,77.8280136891954,54.4456389901646,55.546891337752,80.7046452879611,61.1700089641749,61.2588374384604,95.3132302246113,97.8762957302579,79.3326645972466,88.6459596057395,64.1484878908826,82.0603145577858,64.9814454232147,46.0785775488608,72.5601880657225,70.7850894726008,55.9341954188679,58.0454475791105,38.6238312833591,108.976311236579,74.6988490971287,89.2770196036378,36.188467140613,105.0803023873,60.4967831062696,76.7940972857981,34.7009681447703,94.0398992280299,82.3121320789625,89.990812118185,65.5297094901299,86.3045562414363,49.0892743938298,88.9566803457763,86.8845033149815
97.2845103684659,43.9799852349503,42.4845483554096,108.679150189662,115.597804648669,80.8216124491421,115.982477096559,60.197606587519,0,62.1065758952274,73.3998679669402,66.527689617087,93.1342441584407,101.163160467866,101.548088448914,69.2773201867127,107.524866109622,111.439987701019,118.622824570103,102.35779939273,88.507829787626,95.3416911561623,114.930462526184,112.267498462423,106.525423562481,105.451772793397,86.7533224301287,112.465543489737,115.971198325574,111.803721122853,101.335445151421,107.959307776247,105.144011505269,96.6143069169742,101.134061038089,52.4771144526053,70.0564202246292,87.8197890050765,118.78113548828,71.7442717985568,99.0638329393373,95.3082783416409,63.6088933039199,112.02871602472,80.3845129426906,170.079490954406,109.432495957383,113.315535242787,52.4421812450623,67.8203238364438,74.4690666286749,63.8780218484329,112.679549681407,70.0496832627197,67.9580855913734,60.4749498000213,111.649349480605,104.148300062509,109.967042258571,93.2692265203233,108.728183493358,77.4002951495628,110.059684477478,84.5310527998126,114.364974525697,94.9533793571308,48.0521292988247,73.047208601769,106.912689336147,75.9832679290237,55.8860751140531,118.405669628928,114.148855684163,92.3007696411629,114.536224240097,82.9042537351683,91.1530025223178,66.5830904706815,37.6906550531391,100.995882355842,95.0739699377074,72.7369530307593,74.3288277282155,62.5208889434308,78.0222122504782,62.9862314695604,116.325985622377,51.4673193896002,112.832098295832,87.0096215554617,101.319146333086,68.7849355967833,111.920482145409,94.8921581079632,112.434055385315,92.5115607385883,98.151582892663,63.1534994695168,109.513681348125,112.212434952366
84.2120084016194,45.2692013496649,47.9302758485517,81.8242811100208,85.9444473349711,62.7968599719957,87.065635598285,34.71958222994,62.1065758952274,0,56.3698128027061,61.9227361131296,80.1652112744748,79.9995223304403,64.1173282088285,15.2206325043916,86.957408959688,86.6258794291368,82.3200936022549,77.6246967216943,72.609174349417,72.6211382799773,94.2870053456016,85.7010457352624,90.5980434120618,84.2054091807945,67.5541026432534,86.164864178163,89.0900226764324,90.1508451947377,84.475373285882,84.9736153149209,76.1501900810052,86.9509292929094,94.6492386231877,51.3164403662518,54.9766073307474,82.8608810900151,100.550079907776,54.7822371297276,116.960697370774,71.6352595937559,68.894982166765,93.4294236247502,75.89713451538,187.658689063684,123.833826678511,89.2089649907231,58.8669840809149,77.6090662717853,56.8959691125743,68.2810217429607,88.0916801694913,69.1373866375713,58.6317898865374,44.0250452567331,79.8457611274432,74.8999875150688,86.4466902359582,79.7087940784085,91.0065143084675,65.1672951977974,83.6712207345732,61.0316984115498,95.7382786857832,76.9902986949187,69.137272100813,61.9000394962292,81.2929959696799,66.9513040120796,63.8647715042434,98.9447228360773,88.4956369677312,72.5728355010775,88.5479688072555,60.3228453545101,83.2455188850805,85.0862333469032,63.0090483675822,75.0742109155954,79.519317197583,75.6659564711861,53.1150981501729,53.3601864956432,90.2886413398897,85.4476799920752,87.8708415174777,45.6298879347788,119.273851220831,72.9192561722503,82.0328906488274,48.0178656686435,85.9936865718916,80.6127569484572,95.3303972839372,66.8334000813695,78.7661092325774,54.0718879518727,83.1530725294385,87.3486290067146
61.9075707247086,58.4715741205235,34.0923763014462,64.5489313118815,69.2094300543463,57.0417654487373,56.6501534891012,57.2077022587401,73.3998679669402,56.3698128027061,0,70.2469927099289,50.0166407775099,65.4914078600622,64.5155761203251,57.3671423552481,63.4128578711798,52.7089829259658,69.6787072276735,65.7838014671123,39.6310163760089,43.7496572460456,68.572230519233,52.4357995885321,61.421227414422,41.2859368343364,54.8096764478467,48.9731325675067,45.8390974494852,68.0042501759641,47.2166407048842,53.3274229206979,52.2210968214256,55.3522081879078,60.0703550219524,60.4653036696795,34.446431575586,111.472865406461,77.9569681259105,29.081238245175,142.028940784527,57.5913889914456,87.9117888263015,57.2215440988403,101.247387487024,220.826985476382,155.160721901977,58.1044791190374,74.6542286020214,97.1655400509494,51.690899429519,83.609954689775,53.7613820841152,88.5112288517989,82.6244804535813,29.0382781811706,60.3929229147637,35.5645989068568,54.693703888441,45.3050532992303,50.253422402931,30.8249871692836,51.1216464421518,23.4529298384563,72.8310549917998,41.8303652640807,87.0005780477495,39.6206355909952,39.4522669518943,38.0482663754402,47.6914725486552,76.1156373989382,64.110001418846,38.8350461520482,59.3358247326879,19.5163904662207,55.6600965016486,109.452481723723,83.3432705157546,49.6608382722757,46.3376447076764,96.7938087593305,75.6386015703644,58.705901100072,77.8056949015525,116.046509655091,63.4168007152525,37.0985971964752,151.087551266883,61.6117149885533,57.7374172259993,33.3367813995342,43.0500712437598,33.6527678709636,58.8522314393161,32.4187073421768,56.9999604085608,55.21915356625,57.6797973370507,47.9116951278728
65.0142218750533,39.1094977981909,63.6797595706819,66.872031473538,82.2078744052182,38.1083219408562,83.1988700269643,42.1581320411474,66.527689617087,61.9227361131296,70.2469927099289,0,89.3665826743954,80.4865787697863,91.6626593632503,69.2446998752207,70.4177838656623,85.3237430531251,82.5211596255747,85.9374386267624,76.2090083644153,91.6149976515886,75.4204094024384,81.382362130542,79.3422933991742,90.917245215138,53.3155033355721,87.8610092241406,100.187011515299,80.1932668191009,91.1575311290268,88.7807765880952,68.2527843872538,75.1206484643658,94.8987146431817,25.8352520065887,44.9787190032764,74.1069589876848,75.85618339262,54.3519431889827,108.150772437171,48.8395320635068,38.6035318163351,81.5628077512226,90.3123592888434,177.653521737879,106.056708160646,78.1532544583322,28.8175139109296,69.0142661157157,52.0816980967213,29.2243425387946,80.6391483162316,74.4385039724933,55.940027906385,64.2871097199273,83.2291137597913,91.7871611630374,80.6480387434279,71.3971408247723,85.0256647882526,60.515934543606,87.0766528803778,72.1023956689101,75.8661609274993,76.4775879152547,72.9152503041149,48.8989989177583,82.9585506781772,63.8124677017232,51.2432400221447,75.6918957431677,90.5888207611846,76.0294185049377,78.9080635475996,75.858200476523,67.1774052252155,73.5010642634592,59.6712937319747,62.7716262408335,66.3329510914283,75.5211614247876,59.082185179701,65.7180416399196,115.980526763917,88.4342795158865,78.540313815319,37.3455194401726,110.495867648818,36.3006430320084,62.9971483913838,57.075060416576,101.659988801456,85.0191709094795,82.5225727266577,65.8718577069696,73.9006129166165,28.0604445276042,80.1322105671454,85.6607112556556
46.5292700597185,90.4396313771935,61.2645383416692,58.0965532917021,68.484674903166,67.4293337879657,57.0173095700469,88.8264028004654,93.1342441584407,80.1652112744748,50.0166407775099,89.3665826743954,0,55.2367638180864,45.8331264063434,73.6660658968365,54.5189508921084,40.3382888069409,58.3209455840627,32.2910011646778,21.5682458950227,39.7032204417104,55.6101551085736,47.2995698915876,36.1186080108301,38.0033400857599,60.7018678336178,52.3640875701903,57.9694691827414,56.5860926251517,34.0749456030734,49.1817564738733,60.7146755644917,31.0621991798896,28.2988017086375,90.5024325898154,67.729240493707,147.098850413024,62.3001785623186,68.7680179007031,176.623658671394,66.3766207488287,117.500098828408,45.2400931677892,139.825712191463,253.124005927403,184.627990780548,50.7207983918089,102.022575501646,127.76484288476,78.4322048278637,108.282128166676,49.069736563891,129.363164716817,120.164828600793,68.7639392404831,49.4884916402575,56.9338525892222,48.5978537576279,30.6139022075395,39.1451173513101,45.7476449424246,48.2314660300308,37.128977509857,56.6250157379735,34.932727998407,120.508104657967,49.1780398283836,46.6486701165382,50.8473978170878,50.284956932991,62.6856986856988,59.0880760846417,32.6139982033063,54.3743435556297,56.7863902586847,36.3812968341571,142.266054706075,111.383837318878,58.0151159784717,46.8884595634074,137.007574743201,78.586812636957,103.242745552542,81.1690406853136,145.389982290479,61.7879661300645,65.8278785078796,186.312636299419,67.4519361489979,49.9460178270528,78.8746276459845,49.6933725836708,29.3445277415739,45.6591348249474,53.0620132122245,51.1488701053171,71.3330642854744,46.7855418986935,46.8857288003971
39.0574623303679,84.5250818750323,79.3298515312265,43.7580368218263,30.339996782822,44.7439111335455,43.8117862135404,92.1347722367372,101.163160467866,79.9995223304403,65.4914078600622,80.4865787697863,55.2367638180864,0,53.2328523149927,77.0614227240193,38.5604851605351,63.9480793782719,44.9272268115301,58.7773381009259,40.8645568798571,40.2001418504578,49.6218028092426,52.5184811006252,52.5423163991602,47.9593732089271,33.0010753470649,49.3442832116241,66.110557554977,25.105485173047,38.0414384097285,31.2173028482859,40.9910707562324,47.5925295267312,55.137070364434,88.1714316498391,75.9981627864801,129.723093673948,57.0112137248502,79.4799618108382,177.301461873894,47.2867729801288,113.064211305858,62.679152283563,131.486178403773,245.766651693464,176.468132677414,49.9719914827641,98.2550080615288,133.569855789046,78.5898445700181,105.532470028807,52.1680604368503,128.341641993805,111.859363858153,69.2083891631185,35.355657978684,60.4235522471828,38.7084831400191,49.3206597102132,62.9434961265885,68.5629484618373,35.8264453449437,58.462026256883,43.8081640945334,53.7419113114005,125.364082999154,57.6267176015973,58.5348827490508,69.8920469755698,60.8815280316859,53.9429859769201,26.7680788936967,34.395115203576,45.2791438813537,61.7090972612406,47.4884743582617,140.097188476145,117.691738916753,44.8589330649672,67.2431429981488,134.038488270403,78.2772408876425,104.722322601305,85.8974380827368,145.900261341232,42.6966154872099,66.9128253238448,172.324388834918,61.6145782390811,53.8491640787545,83.1845183843025,59.5663396444939,59.4426371849777,66.3553230356658,51.2250832341559,19.2059103833269,55.3694284387166,31.5608130522698,57.514383816059
60.6748599123604,92.7903559633554,75.3432021997273,58.2895510222258,64.3084118619977,67.3279203513386,62.5253557412469,84.9463941282673,101.548088448914,64.1173282088285,64.5155761203251,91.6626593632503,45.8331264063434,53.2328523149927,0,53.2946498007429,61.7031604424418,57.6689517238559,46.3539252892581,38.0379507724431,45.431823226476,45.3922045474163,67.1112363551467,57.7287232895791,58.8363254478511,56.6406958689528,60.3171246094528,60.9505123081462,68.1164047459714,59.6629488995617,52.4089912310565,55.5259904394047,61.5729553204215,60.8037965129448,65.5281737937991,94.6406711453339,78.1895958037756,138.467721853896,74.4047498339073,79.4275064528395,177.256717165057,67.9378336572298,118.636120836062,68.4880711005626,135.842164622065,248.32847030301,181.346669391242,62.2798500754531,105.02906088448,132.294279343581,86.2129384817711,111.851383234814,61.8659950232256,128.887600147709,115.659366970954,74.2311400449304,42.1736048800392,63.0145921211303,57.6343632502314,58.4100736034977,65.2424170573144,67.8080515552532,55.8747021760953,53.9762168550778,67.785750033996,59.9858136357816,125.586813311512,66.9809090731324,62.7977839813428,74.021048079575,71.2123515304701,72.8368718097446,62.4174086865432,49.5634632091077,62.2371003152322,66.9973571735634,61.50904466141,143.2305310865,116.173077599307,62.4007183190158,69.7324963589172,135.624370259,74.1146837334224,104.698041913106,91.8261088657695,144.653104406829,62.7802478583213,74.1243554490309,178.704196964985,75.9244169968426,63.1587320076935,83.6467691206386,62.92321867563,61.0136804668365,70.7189979021366,60.4833250157097,54.0803980603017,72.8843070635161,49.8672363797894,62.6270562765099
81.8248040482241,56.7723641246696,51.8455945608949,79.1883738857716,84.4326701254476,65.3422825252884,84.4217387143677,44.627233946285,69.2773201867127,15.2206325043916,57.3671423552481,69.2446998752207,73.6660658968365,77.0614227240193,53.2946498007429,0,84.3572919221975,81.4191727521806,76.5607581944106,69.3054010262372,68.10857636594,68.0785149782068,91.218464964953,81.7456352719257,86.013859154275,80.4706456300753,68.3122629897785,82.86780153054,85.7207610727175,87.4672810726965,80.4360297715033,81.8401581135545,75.0509233131842,83.6847549086856,89.9526331583381,61.3349670585894,59.1647872418749,95.6462986992491,97.8742838294439,59.2070671154914,128.944686487317,72.8425288776658,80.1405160724695,89.9497609777929,88.5408000206113,199.260324966368,135.74741315222,85.9823598454035,69.7632867789412,88.4751631051768,62.5564714033697,77.9367041221717,84.6304678152547,81.772809959314,72.0807242551623,49.9431519406179,74.1684934809026,72.2363410331858,83.3950260190925,76.6756324789678,87.0532705569408,64.8847075506223,80.4963557014512,58.3937119801632,92.7665413694032,74.191659390689,80.4967435641035,63.1452000585179,78.5647378694865,67.9815456497135,65.2806304511932,96.0636134177411,85.4021236798604,69.6944883620883,85.3685672409308,61.0936925367956,80.5579024632486,97.4588066210872,73.6792405703795,74.4170824894607,77.8772485600287,88.596045386495,54.8079116174585,64.6670755574892,89.9465688928244,97.1639090055603,85.4187056491999,51.7472320028363,131.964314869005,74.5999170453684,79.5199304640392,55.2793275479694,82.325293219394,77.494351630902,91.8932130834239,66.3718302545983,76.7164786319299,59.4597087811456,79.2417313382054,83.4936477211706
18.1933115166721,86.7981652501364,82.1847529518476,14.8072155259982,35.8612892976535,37.460468145562,28.364359273536,87.0072612517053,107.524866109622,86.957408959688,63.4128578711798,70.4177838656623,54.5189508921084,38.5604851605351,61.7031604424418,84.3572919221975,0,41.3553933148446,30.3647348893741,54.1201127680777,37.8322032102726,55.0951121270925,15.1905950330649,28.1255868697973,30.7477426094881,44.0260184242237,29.7669009375166,36.3850817549339,58.1611769196655,19.9619352276082,43.537241616585,36.5560456738692,24.689078105391,33.9725298760195,57.2326667373103,82.634703188473,62.6492497955931,131.219777455284,25.1648799944292,68.556288959402,174.650404081812,27.9994464067179,106.404233070456,35.6749373937254,139.13008095665,246.389086609448,175.356485422616,20.0622663365832,93.705545792658,129.732235201597,75.0921134974646,97.0670367938829,25.7441649008125,127.757335993462,111.287364394873,76.3353173112738,26.8060053989477,59.8080939455672,20.5775037788005,34.2885996470597,40.2377782925735,55.5266756991949,34.7187022776425,53.2424966864323,17.215919052317,46.3000479725422,127.632840294069,48.6666820291565,43.1175548756029,63.4440808474308,60.1376493256899,20.0903000207778,41.4793290096212,36.3983794004242,18.6974913114273,62.9409383928576,31.8382456621821,139.06368461377,117.683047624095,21.9991761098916,45.0698880870543,132.802461016811,83.8776537981668,103.819533341707,110.419811733945,150.419804540692,20.2920770603684,63.8182074866587,174.070139124795,39.7581631393608,23.1918403656011,78.3326012271865,61.1695114346112,51.4418685344912,39.0810167768276,37.9202442527815,26.4364231985216,54.1338927311115,19.6496356028712,37.2914605116912
44.0693417875868,95.2149135627735,76.0230825781991,40.6598431677197,61.0150165216828,63.2448765534407,37.3456248253635,85.7720809759123,111.439987701019,86.6258794291368,52.7089829259658,85.3237430531251,40.3382888069409,63.9480793782719,57.6689517238559,81.4191727521806,41.3553933148446,0,41.5404676938704,42.2189747021641,34.8903190932337,55.3126123441399,35.5814903395199,19.0188452392468,26.9307657146179,35.05570162271,59.0138000265845,35.9435298292447,44.0854279310093,52.2736320348781,45.4125388236166,49.1917158089474,43.4314211746131,35.7173250522068,50.2253512736159,89.4211961507284,58.4187852500782,145.170128511999,43.9707137216592,60.3846130999037,177.638133351617,52.5809642851461,114.813656211932,16.8796453911854,143.387144259522,255.320841192376,185.557516698838,25.4368641384565,102.655979091201,128.489748416798,74.4323210195571,105.262588899616,22.0711029189981,128.665528879619,118.304966054471,75.9667029408828,39.6194410481101,49.8718620297766,35.4214807763608,28.2668714559136,14.1908750589652,40.6245649820675,41.8140641847352,35.8533688834828,44.3806426838357,32.8773624729422,127.664935437152,49.0063123892189,24.2014310171076,52.9575115399076,65.3045409604469,43.1655364581115,58.0012949987296,38.7259318453222,31.5885201035804,56.520082623792,39.8445639811005,145.109001193543,119.264383558709,39.5112208613907,28.2291075652575,136.016502690218,86.9943569308108,102.496302895149,113.120582873183,154.450393820711,42.6593318463581,69.2651651807843,186.357404624642,55.4773384373011,30.2990807449534,73.2601470498582,46.9221706262323,32.0418691171082,18.514841140487,38.9506575775165,53.968350556325,73.843741298085,37.5573515420495,19.4584206548128
40.7424766378993,96.0684560825927,90.1989098607592,23.2006696875511,36.6425684777069,51.3267704028994,31.0791300175274,89.0826237366492,118.622824570103,82.3200936022549,69.6787072276735,82.5211596255747,58.3209455840627,44.9272268115301,46.3539252892581,76.5607581944106,30.3647348893741,41.5404676938704,0,46.900004863811,46.6751769740937,56.0303846213846,32.5952442014951,31.6901139813241,41.9172138962377,49.5958984864862,44.8292070884872,40.8696404597517,58.7895094680233,33.6947913876229,51.542869241856,43.2386071190721,31.9572390116881,49.9933119931451,66.8238048280939,92.7504538180706,71.8340549648276,137.201987745869,40.4882940823788,75.9222579683724,182.375404613134,41.1527110125193,115.907952715258,45.5928230258787,142.507171971269,253.295180583006,182.94204830918,30.5269585168188,104.08225680643,136.282991082793,80.4460050446988,107.2202118269,33.6245171583589,133.198682260933,116.674925004444,81.9629322409253,17.989310827538,59.2102504169976,32.1592901815268,47.4179627701421,49.154137972655,64.6559963191649,37.7638855672652,55.493647228632,35.3721166010369,52.4630183977891,135.464940722748,60.2411967070989,46.3835100068117,71.9736318558279,75.0058776200748,36.8943075956066,44.4988170676693,44.2783579647082,27.8121724390363,67.4238441840973,50.3371759566779,147.860624538341,126.221663250083,34.0574853865071,55.0389719029448,139.251697183501,82.2549213047416,109.575877451018,117.817836444233,156.94641160962,26.4843313712556,75.1310602925544,180.440600182971,54.820702626003,37.4924944607034,83.6761667876004,60.6784679755223,59.5514880348669,49.2012583686154,45.5241555550077,40.1352646433162,67.2769361229379,24.5580565768453,41.5298236706497
46.9113082178218,94.420843369135,73.9779592356935,51.9239849644378,66.3757811298417,65.5868067815325,59.3493880688498,86.9240975859016,102.35779939273,77.6246967216943,65.7838014671123,85.9374386267624,32.2910011646778,58.7773381009259,38.0379507724431,69.3054010262372,54.1201127680777,42.2189747021641,46.900004863811,0,38.9490800552368,58.0391577278518,52.0584128338527,50.1799869122661,35.5817426796556,55.9984373849325,63.2448253633309,63.1976154493501,73.4037383487542,58.5266284663999,54.5550819760233,62.1494191398253,62.2692766756181,39.3211913814152,45.0719068300782,91.7298422452587,72.8473015817056,147.131320877288,55.2666369762196,76.7156954166362,177.46969010908,64.230478393478,115.898025285093,48.2877780277474,142.484862003118,250.865274556731,180.845832100516,52.1534011146717,102.299771371146,126.418799160505,77.1632681746696,104.992170846268,53.2851164646895,132.966839861211,121.602763820922,80.3836145937581,48.106043378737,71.2370394961045,55.7146254326879,38.8614369709616,48.4714197838825,53.0805176753584,56.9235193740893,46.7305748387104,51.7882489675146,41.1295095359479,124.896258902927,51.4743219466566,56.0033182077559,56.5809885612521,57.9439485862892,56.1634867209373,64.7715997314033,44.9518529458367,54.7395668751047,71.2586184108657,41.1739505050716,143.694562398164,114.588499625439,59.8490514561232,48.4862377875042,140.380918380469,64.9166151807957,111.32997185662,102.490584645013,146.460400775605,62.3557690613966,72.9719826117979,185.778790616152,62.0653261103287,45.7007757071314,86.1748312537054,66.9274515269085,51.237671592949,49.1115996492072,61.9073231782798,58.073720345561,72.2576436488388,48.9168942519961,54.2590387520996
32.9714690644223,78.5595066809294,56.7061581484653,43.0574931625346,52.0879097972338,49.7891067471961,40.7893955481012,79.1127825607541,88.507829787626,72.609174349417,39.6310163760089,76.2090083644153,21.5682458950227,40.8645568798571,45.431823226476,68.10857636594,37.8322032102726,34.8903190932337,46.6751769740937,38.9490800552368,0,30.8438667472028,42.6741985144422,33.7277091985994,30.3235771577326,25.6625024511952,41.8586546546752,36.4538951105839,46.7015823525321,40.7309360401945,22.2252386371693,33.1360558892388,41.580913517056,24.5431294160953,33.2931602569806,78.5950276549102,55.063195377253,133.023927203094,51.9293128745316,57.1433482020355,168.246148424705,48.6889837524232,106.124616753261,37.4220994049828,129.541690679586,244.020039017344,174.904228136957,36.6300063484046,91.1108641550933,120.932789945882,67.8869152421823,97.6797269217733,34.8983485614027,118.954429232864,107.820865148435,57.6035799119865,35.2138244449115,44.4786100388332,31.8515567004712,20.5941672635136,31.9275297540776,38.1015123564099,32.8967309129677,29.1586025447994,44.2321233795002,28.5185666778247,113.479553035836,38.5323348933347,34.6479076688901,45.5390457140147,43.494644971705,50.2129943109443,44.718367131841,16.2211140851779,38.3644240133669,44.0170909251408,27.0947118804247,132.895041867701,105.044048593628,39.184443947028,38.9797735119675,125.974793550251,75.1916571567939,92.0860590580749,81.1063790790366,138.894024538451,44.9926323913078,53.1063935267935,174.156087690591,53.6475821641469,37.2924524527363,66.4280843944554,41.7998963012563,24.3699180360839,39.669009336806,34.9709391857561,33.0196702231963,56.1297541502789,31.0340724076544,34.5452934289491
55.8275619915168,84.2867283718011,63.7665415726812,59.0698245386135,52.6727387412967,62.8129069559392,47.6877942625807,87.740891291395,95.3416911561623,72.6211382799773,43.7496572460456,91.6149976515886,39.7032204417104,40.2001418504578,45.3922045474163,68.0785149782068,55.0951121270925,55.3126123441399,56.0303846213846,58.0391577278518,30.8438667472028,0,63.451623466352,49.8969826417637,57.5790348656023,28.8187002477267,50.7618325375754,38.8324741217351,42.0260271981902,48.8124831236235,21.2466289972221,26.7909987197321,49.2112503564008,51.8459883409835,50.3310991301226,89.9312499450676,68.8663204808346,134.048920953091,74.1443428208533,66.8289811160968,175.251927773165,61.807460087703,117.515601176449,60.9964469943867,127.180535149824,249.479849934048,183.103312659495,53.9222813912848,101.945836371562,131.537144821136,78.5456953226108,112.051614111949,50.7517935043997,121.498903740894,110.43058122996,54.3981884991153,41.247424293541,34.7709991638935,41.5937684615925,48.2514126685,54.497521768488,59.4410798618776,32.0531951728709,42.1673300364571,64.0631163105111,48.5114952472606,119.44481374409,59.0180705194792,45.3258474394139,62.7661686226392,62.7021627968339,71.7624969635511,40.0897578734033,28.6052511825403,52.8960997031917,39.8949225383464,55.5591537152628,139.964518224424,113.614902758476,51.5615886627403,64.4669706584705,129.138393044161,87.0494591338469,92.3617620996273,68.0218838857452,144.001941302937,52.7078328388945,63.3118053811311,176.209896879607,75.1528076423311,62.4353276167836,71.1080513695105,32.5115275533252,38.7812068053011,63.7271004999515,42.3582882753198,37.9186070559441,67.581926610275,40.8678240636081,48.7793232235055
