"120101088800401002","120101088800401011","120101088800401015","120101088800401027","120101088800401037","120101088800401056","120101088800401068","120101088800401080","120101088800401091","120101088800401096","120201088801701001","120201088801701013","120201088801701019","120201088801701025","120201088801701031","120201088801701037","120201088801701043","120201088801701050","120201088801701053","120201088801701054","120301088800107003","120301088800107021","120301088800107039","120301088800107058","120301088800107077","120301088800107096","120301088800107120","120301088800107143","120301088800107171","120301088800107176","120301088800107200","120301088800704009","120301088800704017","120301088800704030","120301088800704038","120301088800704054","120301088800704062","120301088800704079","120301088800704088","120301088800704111","120301088800704122","120401088801602002","120401088801602016","120401088801602037","120401088801602044","120401088801602149","synthesized1","synthesized2","synthesized3","synthesized4","synthesized5","synthesized6","synthesized7","synthesized8","synthesized9","synthesized10","synthesized11","synthesized12","synthesized13","synthesized14","synthesized15","synthesized16","synthesized17","synthesized18","synthesized19","synthesized20","synthesized21","synthesized22","synthesized23","synthesized24","synthesized25","synthesized26","synthesized27","synthesized28","synthesized29","synthesized30","synthesized31","synthesized32","synthesized33","synthesized34","synthesized35","synthesized36","synthesized37","synthesized38","synthesized39","synthesized40","synthesized41","synthesized42","synthesized43","synthesized44","synthesized45","synthesized46","synthesized47","synthesized48","synthesized49","synthesized50","synthesized51","synthesized52","synthesized53","synthesized54"
0,33.5809934026583,58.0667171099091,52.4571204855342,51.3103843331572,32.476311013906,79.7854015005098,55.7737376408219,29.7608691163584,28.9774699661782,40.4463724512759,64.3696300486671,40.4197871234893,43.1453206247821,45.3288536394755,54.2758151829233,68.8362794716785,68.0725020666687,79.5684021944948,41.3589637607431,32.8473537088727,57.9916619240028,40.6097140965249,68.905835226353,59.5122026248323,42.2602117131174,52.5335027647304,45.4953975964649,38.8669628901997,65.5691618384079,55.5250648032202,46.3282731428826,31.5961721870323,34.635558219517,51.3121357092456,45.5706907320792,24.4555703541639,35.2386603039912,64.0703339144119,55.1477306354545,38.9412528025999,46.6028286498905,40.8706496771847,65.0011281634378,56.47075927281,38.5970936372774,31.1579542184671,61.5931251514772,29.3026056947865,47.6581265854301,33.8548059123437,78.3845170670632,64.7978640081607,48.4015426465006,40.8072770385465,41.8456828210636,59.7135687477942,50.8206249263956,32.1105762177379,28.1498737541529,27.8548667643631,43.9281393252357,78.2985373994499,65.560013076679,37.6785746040282,53.3162441773382,16.7185504206974,61.0996481525201,30.6274470582697,46.0123378687597,75.82656621836,59.2624067407647,64.1775909490227,62.6467338303256,61.9966834817028,42.3003321130295,38.0619270741452,38.2077236232065,39.84766215709,65.0522022414693,41.0913998390256,26.1167378087324,57.5996012681721,71.858167783937,64.0796742007619,60.6870944425522,47.5490232339226,45.3847641189815,67.8082546103335,53.988523952726,35.0592554584351,37.3923519562649,57.1113807434844,106.905144187344,71.673097133498,61.9818480656543,37.6654669615505,63.5801939343531,51.41761294875,44.4525910685511
33.5809934026583,0,44.877819037172,45.6072521719744,36.5379864920574,30.708391519997,66.9029532567447,57.749502175404,26.5707517929754,20.6881848223148,63.4605883708486,84.0881609134924,59.9019044128127,56.2998990820733,67.2901310863057,57.7710363533617,77.2784996601896,49.153741149588,55.4810154928954,36.4530939243077,35.9118788490137,44.0893328380875,61.6225234471261,50.4024407596785,44.3566063536696,33.3417829621657,32.0531042454926,23.5597098733702,38.2869939680198,59.2363373524428,48.3273193781514,27.0843442948431,32.0027258516423,58.0230319414628,42.0696363131198,36.487844351283,39.5761502185174,57.8102792461798,72.9025624213007,44.7519397558143,21.700384561515,64.4205455046317,45.0663998339877,82.7141652151657,37.69679723727,36.8253438926272,45.9680314649087,55.5338281047733,42.4617475131287,58.031207750778,51.6854723946139,56.5200073030005,39.2304522854541,52.2972738375903,67.5278138312317,38.7755940127641,41.4005453402991,38.935865214478,46.083974372843,28.7879292538599,37.1762172540103,51.3270535302095,95.357294269834,45.346972292967,54.6074835799308,36.9279330003727,30.1644059632464,41.982492695025,55.1206160976622,39.007467486491,93.1797326481155,53.3560612312009,38.223401032892,74.6809069705278,70.7805980868307,45.3560851698576,36.6470347296226,51.6126939461049,55.0097374397676,49.8602306114373,27.6998827035039,52.478284425775,60.2912871319707,74.3363633753045,45.592918775466,85.4332486548724,38.722433899872,28.91428236668,67.9083564198862,55.0184251411515,44.3001678512656,49.3356305006037,61.3677847205436,119.99476820913,46.3451105307525,48.0210521612976,25.0408929238108,37.177836189927,68.5763200100345,45.3086003989051
58.0667171099091,44.877819037172,0,29.2916387137252,10.7238236716951,32.6343998467806,56.4092562544595,70.5903982940109,38.262311400868,57.723574347943,92.9591088969908,117.159739162609,67.7824345277072,82.8192366521396,91.405195454647,98.0176135338849,117.439339898937,34.6702591250685,53.8588989406291,72.5683628574031,39.269921864794,62.8359010386696,92.1339859763882,50.8169583852321,46.4549790651056,35.2211499131085,32.009241040876,32.2046089404622,76.695184654357,62.9355355849075,24.2909290637695,40.6809795664445,47.3005744367758,71.4776568172561,45.2814425372298,45.3618804961911,54.885632319055,82.7526496297164,96.7388771278074,49.8354660120842,50.4114266016116,85.1822027387673,64.2725457336329,115.037548254232,48.4052701569873,68.3234604210186,65.6887487853135,24.8194166186256,56.3473070934699,84.3082590859283,63.124696338309,52.7111897854124,27.6224731104693,64.5987962251387,87.5953883694919,32.7101197291652,33.8526836629133,59.1609689029275,47.7253856462358,48.625009314195,62.0656751917523,81.6271584905165,130.931524173231,32.8918579486822,91.8690113115362,59.9671195246649,46.6036464078091,16.2640498041157,74.9762236881765,41.7589322997852,130.861041669867,36.6517456520351,27.8747380389234,113.062975013974,83.8480798092842,34.1517838779904,45.133182816873,84.107192480326,71.5542939616133,29.3939599202095,33.7003677053471,79.8201323438889,88.6177802058452,67.1304498920313,25.3214921216548,115.030923558103,35.994776593417,36.5240024330655,106.438674979972,92.3092670847429,81.6832389875193,83.2466509198164,99.4485009002503,160.301490308446,40.154083968402,21.4009368611611,62.895407588205,53.3306823286528,92.1133683840869,44.7140968749395
52.4571204855342,45.6072521719744,29.2916387137252,0,25.9036695959357,25.7876989251863,35.6371375812742,49.5278278992867,25.2587786751489,56.7627802313765,83.3751057623423,100.45554141239,53.539479819487,62.155941261192,71.7123203015143,88.5519683737945,106.555161018164,26.3063435724191,46.2474737427885,58.7049070218068,30.8246967743973,44.117875031831,79.9172694470034,34.532694804759,26.9092362788679,25.5906979977187,41.6494836041516,28.4454545104615,66.2921816209861,36.261254582106,12.3324147462817,37.0295735690745,36.9807552285732,55.1460310182407,21.0820023608173,25.2136111529106,45.9831033305567,73.0205483750328,73.9785163782053,34.3812774791037,45.7983433741775,75.4586588042809,54.7444985001051,102.662745339809,54.1763159263576,54.9735929257635,48.5902219230108,18.2757955900946,37.9080710795176,63.734201346255,44.2586275028833,42.1718857880522,37.2155946478154,44.7549539175291,70.7156211512262,19.3940262975194,21.354287039999,47.0534063663627,33.9957705608803,46.1141269359005,44.96837869333,63.5848467893416,121.987987704497,28.5093200781605,85.0759201176708,45.2115553488791,46.8391068258552,32.0705474764161,62.6404986151272,18.0506594033624,119.935918560212,10.0691060836728,44.7772317700693,101.208881331548,79.8354710817176,28.0102884182873,24.5154150482236,78.8164460051439,49.6589820229735,18.2209657121965,35.2951497093437,71.7292328539152,67.1052727639023,72.3166570816504,25.4796611287031,99.2569492837497,13.4773781734469,25.0599642948658,91.8657319312819,78.5811703294676,75.4073783078961,76.2627456632814,84.071432344295,150.038316435761,40.3780496968868,18.1107702762748,55.198105786087,48.6226383798335,70.646201539139,20.331918190969
51.3103843331572,36.5379864920574,10.7238236716951,25.9036695959357,0,24.4541811439958,54.2126106718986,66.8730688588945,30.3151368734189,51.3518802066624,84.5246756391985,108.935197775233,62.1891756276798,74.9881077448548,84.0642266675909,88.1501550760962,107.791494656984,30.9034100638056,49.3343375059778,63.995039855797,31.2921283435765,54.9128721920265,83.5456087230406,45.4494329832799,40.1142008689602,28.8485431848824,23.275902862035,22.9815387795545,69.2921751429734,57.8262546379087,21.4738880792076,31.0231645065478,38.3511195348079,64.9162094327363,38.4381686075361,37.2391241795567,46.8557269266587,74.7328585450417,89.2313376575885,43.2385361294696,40.1579976590467,79.5173623224771,58.4804265891153,107.67841589724,44.9897369719462,59.7586545322383,57.6542089803135,28.5483128167627,48.7034381365886,76.0474489346009,56.4262804564066,48.5743406575744,23.6220267190014,60.9098310919848,80.8754368227692,25.637955777172,28.6881012941404,54.6719860339257,41.6738838368216,39.3145529247211,53.6205401378629,72.6641085838325,122.139569604328,29.5692160428451,83.7311729611395,52.7931268927583,40.5820674073469,12.3903556007954,67.7468096225759,34.4215685297047,122.432173434566,33.8883981972864,27.1293226290893,103.615825040517,83.5948841419053,29.3565728512904,37.0945704364245,75.0269597672178,64.4128263922787,26.5518831770932,23.7651130778957,73.069914144902,80.1631118027162,71.5409025449541,21.1245945824024,108.148373896792,28.8210981734043,26.9258437984797,96.8319888885843,82.6438144572599,72.6869594364692,73.9662629846184,90.3382938659262,151.311186617646,35.0631363739447,18.7882968503109,53.5395149590611,45.0683974139667,84.5334202894075,38.6060038384944
32.476311013906,30.708391519997,32.6343998467806,25.7876989251863,24.4541811439958,0,58.0430874536499,56.2494444826629,12.4499000143937,41.821067808408,62.89929654172,86.9036050951569,45.9494404235612,54.9750304540632,61.9161428070366,70.8975783247136,89.1794761899275,42.0363151650617,58.6811630356422,49.5634761006948,10.4357985022001,47.8029438517922,60.5726321468903,48.6461299950062,39.5828361716477,23.1357063960251,30.5455719320182,24.1266727011318,55.1329596494617,51.185016575422,25.7837619749451,28.607012730316,19.7702196040424,41.3264092750433,31.3551546571058,27.3228517000606,23.6506434542288,51.8749375154151,70.8856963825363,38.4106843085602,30.0530485249009,65.9772882671945,49.7791617308781,90.0146145146222,52.3264315719687,46.4445432560969,34.9575392925749,37.0809927730503,26.3819163601742,55.6580935792592,33.6020559368641,57.0217882280222,41.7373830304228,49.3153121288753,56.9881723677772,14.2767547380298,35.7071421588461,50.0500440533815,22.0616690807591,22.1950231408438,31.8921234104526,52.7422299434933,100.836679126872,42.376102302297,65.5815486385174,47.4011825123423,27.9444318079537,34.1982384862145,44.2815080323178,24.4683151605365,101.348595478394,33.4383229378747,46.2169789387864,83.1157770891429,76.2803535550218,18.1620919277506,20.297783158563,55.847519241621,42.391480654963,37.0812328272802,18.344182647151,52.0948194383551,62.8336924913709,73.8152525114556,35.9994040281019,85.9461146630526,22.3277275113872,22.3833306048087,80.3580677494948,65.3911952893188,54.2989783737447,55.5787732786768,72.187256525014,131.705311371392,48.2609722332404,32.1715000560443,42.1082496870816,48.3029082601723,62.3200845297811,25.0224187659307
79.7854015005098,66.9029532567447,56.4092562544595,35.6371375812742,54.2126106718986,58.0430874536499,0,52.64028876395,52.8961246653115,77.6788364031661,105.779583664676,113.42259697362,74.1643400485888,72.6802070230093,86.1712139794236,102.613190763432,119.540698980978,28.3910599017868,33.0223238379192,68.1727777516457,61.7082023414244,40.793598142415,101.341172550864,23.0961158737463,25.5694453487851,49.7013353529189,65.1768563282659,48.9192776143427,79.0499410023829,24.9179935124547,43.1021842766118,55.0757169211804,62.0631666539928,79.6044539111257,31.0184034709128,39.2878551688422,74.9690046729365,98.1631771522999,77.1475061779453,43.1778520572882,65.1933034049676,91.0823942958307,67.6976003501258,115.159154143516,66.1139566360917,65.2080951548848,69.5487593245169,42.6380116436954,61.4085120535376,73.8837302389788,67.6911192578117,26.0861007394426,49.2037533998556,53.8794952148605,92.2687443337052,49.9280162716641,28.6006992921502,51.942340671885,63.4485413005323,73.9162099871613,64.7310352327933,74.9849229585277,142.038851910294,32.1898033208415,105.071118775269,45.2312843338384,75.7092543468007,53.6331948368798,87.949146233129,36.7382180045432,136.939901490662,29.6161720923695,59.6071249821177,116.40976077876,96.572730371291,60.8180619152015,46.593991028887,102.215185859402,66.528475480083,29.462147168344,62.6698144072325,96.8078880771238,69.6352808567564,91.5766971223169,39.9869158126778,115.432368442704,36.3802949134896,44.0228774551865,97.357106052088,88.062526760894,96.422850501515,97.0360759041748,92.3904757058434,163.629875330558,41.9299135392007,39.6485255083549,69.0039432340656,50.8347437500935,82.7574266253536,42.2506526506378
55.7737376408219,57.749502175404,70.5903982940109,49.5278278992867,66.8730688588945,56.2494444826629,52.64028876395,0,44.8887513877591,53.4322144363148,80.4631539116205,77.2592028514408,61.4763986969887,42.2190834704671,53.4158917867356,81.378542794156,93.407593130944,62.0407347985288,67.5682532732739,44.4580374271122,59.2021839491241,44.216669483535,73.7768442336054,52.994482502616,47.5267519803489,50.6871242386824,77.3370107989754,56.9393985856437,45.369517382879,35.7198387713514,60.7848188247153,63.3901255221634,56.3809518308674,56.8495036364679,41.630961873367,44.2100995793544,62.0431333010076,74.1283316778644,50.1666569507994,52.2998389081109,63.7898729634998,67.475940427192,52.5734271852794,82.1378764163546,67.5133696789473,48.5293287764591,49.7195162493696,57.0701327414339,46.818855141148,47.3263965401856,48.7552775796683,63.3204941007204,71.1618546508132,8.83176093154952,60.5912581988213,55.3514940548251,53.056573590386,27.5500744374128,56.024258549363,67.5765724652028,43.2562863789162,51.1442521216651,111.373403687581,60.6834641778859,74.8928600191723,39.1518334655323,60.9334975258424,74.3741868094402,63.1256896962995,43.3208365547969,100.516344130719,50.2604602069676,72.9932158309488,87.9217402597809,54.3294791595305,62.9905685746254,43.9545219647768,82.4435748703629,42.438643588032,60.456748224259,68.0624877666544,64.260128842614,46.0007801042833,68.1886467810296,67.5422074287325,73.281844451324,47.6080277103168,54.0649053657607,74.9225810256608,66.9179259986785,72.8035242797127,78.0320448079061,63.4271235355979,129.749886900697,71.8269716764961,65.230404999673,56.708320948357,67.001279093677,51.3788905077425,42.9198539165289
29.7608691163584,26.5707517929754,38.262311400868,25.2587786751489,30.3151368734189,12.4499000143937,52.8961246653115,44.8887513877591,0,35.3270640796953,61.1499628523372,80.1235505863138,44.7028618878434,45.8921511326285,55.0793689176731,65.9049887205218,83.8449652541831,40.8662852317164,54.6851335506302,39.3891680499833,18.052560338793,38.7054269235155,57.5674581552756,42.958116640406,33.582551637164,20.9319467230364,36.524017852782,22.3851402181129,45.0598828775064,42.7657265262736,30.228961477299,28.3069149741427,19.4881196089306,39.6845441858805,24.6197607913486,20.6768045928046,26.5018701277192,51.3420857421787,61.9810392948227,34.0913389829692,28.4276094885762,61.2535919331335,43.4161882383804,83.4843141172677,49.0209639953916,37.737194272533,30.2825142758517,38.4447664530031,22.113458416318,47.4211980788728,30.62787226808,52.6543948482412,42.5794524196498,38.3275357934736,53.2144714116942,18.3512664871724,32.3728281836508,38.6782426028369,24.7329274682655,26.4117435644028,24.0022020361586,44.7965443017276,98.2803879124604,40.3891349714343,60.9749207897807,36.957584434607,28.5987945553517,39.4020271182131,42.9261350666355,18.6465305022034,96.2524506536962,32.2972146373584,46.6798646994314,78.0847771230261,69.1599028598845,26.3967196047536,14.1067361429984,55.3890048370814,35.8892587243607,37.2829545266711,25.0898155919703,48.846301326401,53.0006717194225,70.8455464181515,38.3268330910051,79.3777411971878,19.1186492526066,19.7993496682857,72.487103670653,58.2323709179022,50.9444815319579,53.591044114007,63.5609943373453,126.498340766539,47.4564018161049,35.6090704759357,35.3358622875902,44.4091390430396,55.0526032106248,20.9549534318643
28.9774699661782,20.6881848223148,57.723574347943,56.7627802313765,51.3518802066624,41.821067808408,77.6788364031661,53.4322144363148,35.3270640796953,0,58.917548129441,75.143175212829,62.5162829977184,53.1999861121736,62.0110185531197,55.9238776558897,72.2908748875564,64.6689441821443,70.5144444242625,34.1047440790987,45.4946883336289,52.6685572456791,57.0056151391816,63.6306062568047,57.3553271968742,43.8724366732116,51.2998303758638,41.6542237524552,26.2515202571464,66.5652015188008,61.673708094491,44.5907826651493,41.0475591443104,56.4513710148314,52.9337218780981,47.3226931237163,43.7984643257044,54.2034940638148,70.0148398270754,55.3562056949363,37.3290505865111,60.166465757723,46.1407890592123,73.7945176155121,46.5301000272483,38.6277125390567,46.4224675642843,64.5755538249588,46.7225970937854,55.642962268127,52.6658672073366,70.855474757067,56.5598688888686,47.6760050391273,61.9791090139908,50.5380848403521,55.8569747207083,36.3868464041919,52.2850333748266,38.8988595391404,38.4198588807872,49.644582211895,87.6528487671406,60.4484260198738,44.8994393421406,42.5882294707604,32.1230452039902,59.1821256178473,51.484637504665,50.036299875886,82.1492165366475,64.1792561684956,51.971326409146,68.6675629524793,54.91895423154,54.7713621494451,45.7055973043767,49.9990137661234,54.4615038437232,64.7304456336733,44.669672548745,41.8491981033418,59.1865907288084,66.046137102626,62.2640977335577,73.4317558234378,51.2783484476879,45.0779859181916,64.9147230995103,53.0755850599417,39.4066146108251,49.0102156069107,55.5697898103666,110.02943783019,64.0154428426561,63.5296247399239,30.1496447035399,53.4432532564035,64.0526773623867,53.0563560974684
40.4463724512759,63.4605883708486,92.9591088969908,83.3751057623423,84.5246756391985,62.89929654172,105.779583664676,80.4631539116205,61.1499628523372,58.917548129441,0,40.0950576285008,52.5565723505255,46.2291746524816,39.0185493296552,37.4533797405258,42.5904388747015,96.4241921690103,104.475898133248,53.7242022878014,58.4186250627633,75.4552198294831,18.3953170508862,93.6601874862901,84.6145994303156,72.7181311438233,79.0855970388101,75.3802829933988,54.1929399214435,86.7844052150437,85.9987600524339,70.179306927331,53.0881116349739,41.245406172399,76.0080047313498,68.8875091517954,42.1710542673479,21.4810690623744,62.3415076672101,77.6078177714341,58.4184790129063,52.898336639909,62.3059159527101,49.3200964451622,87.3839836708546,51.3127758334803,40.7497370164044,96.0277410996254,48.2483675015021,46.6255106848687,48.0286780107532,103.806492693549,95.7415078639484,75.4607047200212,36.1242838562607,69.795119386335,89.0130345526549,80.1370268750613,55.763314667496,48.6467517148148,44.4060070729725,41.9442279442644,44.990533098458,95.840332538256,26.5435677430315,75.512803750928,52.5759203473807,92.4358779750656,30.9606761305829,71.6204641517341,47.0321177494699,87.4899434193189,98.2569912426719,34.6889994462596,91.3103423288678,69.8952616202805,61.9864527156712,21.620825608658,49.0058521902295,94.6651303846485,67.59496875794,29.1148697711423,58.4020073511578,108.883415533639,93.5230867445238,44.8020031933008,74.8334566662051,71.4105269737994,55.0075490489644,44.6590568107569,28.5720571953478,22.8340672642026,47.721265044057,75.8924957194994,98.4250486386246,92.5927009049944,52.8267282468707,84.3241370587781,45.7855197417218,68.7930970339003
64.3696300486671,84.0881609134924,117.159739162609,100.45554141239,108.935197775233,86.9036050951569,113.42259697362,77.2592028514408,80.1235505863138,75.143175212829,40.0950576285008,0,70.4782052867422,41.6954040078174,33.0873503182906,46.7029139821337,39.0537455582301,113.052937213634,116.768223323081,57.6684272876696,83.5256316313812,81.3679674878029,36.696785505687,104.002817228587,96.1255253451088,91.2261593711138,106.048778022331,95.2886952323406,56.4512162505861,89.8922648627741,106.746442575436,91.876917181563,75.9796121984419,57.9666518393134,88.049930660567,83.0360220226652,69.5774655136534,49.9078311915004,49.1888044300721,91.258874614006,80.8188834008607,63.2452364044369,74.5333288476176,39.8443860140314,105.194725438467,60.5495375065468,56.3195218624411,113.98395334251,65.327464667945,43.4215565872982,63.1270267701348,115.253259559265,116.665725953412,75.8484235469146,43.0057768993792,91.3832912221603,104.466432423238,84.0553008608578,78.4138330469347,78.0189419211056,57.4486713465371,43.6478774676948,47.9117159681759,112.489597218988,42.8563096655989,81.4050534208787,78.919934853112,116.895710746895,52.9194495687528,86.1695834890523,34.0075836134931,102.59647232384,119.618316361803,31.5929683277176,93.4500592011143,94.5706691824973,78.1900601370803,54.7854154518591,55.2713195483464,112.244546934391,94.0032288050671,49.0449663963273,49.5612234859245,120.718396434005,114.082755661937,22.1183386863109,91.4411595170798,90.4036312741064,45.9370580133415,45.6704175064439,51.4385584646225,51.6329385425446,36.9914102143464,60.6171623939781,116.572021228494,113.343574151594,68.3168027666887,99.9559625762701,37.2770667744074,83.5944742988221
40.4197871234893,59.9019044128127,67.7824345277072,53.539479819487,62.1891756276798,45.9494404235612,74.1643400485888,61.4763986969887,44.7028618878434,62.5162829977184,52.5565723505255,70.4782052867422,0,43.7962295467218,42.7408024595393,70.0601995922257,81.9240231324019,69.4749748477795,81.9575014124502,58.9895932419716,44.2268842255147,62.3667045949231,55.9535884051181,69.330246029393,59.0032957845155,52.4571903862847,66.1309648957934,57.9203570672807,64.2841677951115,59.8326405355323,55.5618818871988,56.8175907516887,45.5123047332361,40.7744628660448,52.1267023346061,49.9787646603713,41.5846134297581,54.2633887491467,63.3822662697042,58.1610844535488,56.5053402643317,34.2792554169708,35.3894663734163,63.7392155874484,65.2597239165334,45.2600004423643,41.7571498613409,63.3747522184692,30.2987810865722,53.4260739447814,36.845136868429,78.9969803487964,74.789807852013,56.545078132085,46.9016663084131,47.0690288656915,63.4062247326137,65.9507494444282,27.6221655594771,48.8012937344924,42.4622251277685,54.355135133461,96.2137187934849,68.198784149144,61.0396074156299,63.3052669373921,40.5631180042947,69.4667804371442,46.7512776734413,48.2412989555255,93.1773309192532,55.8623830679501,79.4827991362976,78.610482779171,83.9082338510107,48.521849533287,43.3975729141932,60.7316375313232,42.4818016069575,65.2425133626411,55.3289254091004,53.855890425086,62.1470215990628,89.7141060055789,67.6174155694898,70.1296865231852,50.106887079743,53.726650850077,79.9753603938838,68.8731326112752,62.161839339997,51.6040789126255,72.0163009099406,122.216726957655,77.2243863169556,63.8316214688398,56.9991823035688,73.1799684474449,54.203579901169,44.6610103113488
43.1453206247821,56.2998990820733,82.8192366521396,62.155941261192,74.9881077448548,54.9750304540632,72.6802070230093,42.2190834704671,45.8921511326285,53.1999861121736,46.2291746524816,41.6954040078174,43.7962295467218,0,18.3479475349546,48.6338991801444,57.6260783211822,74.5035576112805,79.2821538968786,31.3365588303081,53.5162330483248,45.3945282420669,39.8914024426496,64.8843054633855,56.400016691169,56.3541683041777,75.5937856922418,60.3499772419127,37.6585689067316,49.31235198035,69.6479854671052,59.6019353376353,46.7144076134526,38.3568709296549,48.6595053627652,45.7191336644889,46.4239848646135,46.952690853269,29.452493842125,55.6803354391775,52.9873983064077,47.8792984998345,44.7393275414843,51.9720259629569,73.816263207677,31.0539237771476,30.2602208904828,76.5567822443718,32.1247093818333,19.1804170710865,34.8168338843241,76.7350379953938,81.3709725686038,40.8466587663626,34.7298701319932,56.8609143403619,65.7666518237503,50.2912500764136,47.3662763162628,54.0404166295163,25.8651223352958,22.011501307905,77.3381425307039,74.101734658408,47.0628606719735,46.3763899534121,53.9120398129442,82.2191730713146,41.0822239919991,47.6967779103547,68.5956652176097,63.601062840805,86.2887893897998,52.4624117339085,75.8514046455126,63.4019233029692,41.9691850398299,53.5162413576444,24.9142437619633,73.3663152950772,63.6689502351767,44.5293024029396,23.7092313341241,95.2757064555716,76.9745204576333,45.7885696993304,53.3941787769787,54.8141211428457,46.2707016353954,38.5428222122538,47.2490616650703,46.3275875687409,35.1703712322041,96.8868101175553,80.3498300837035,75.7662262150217,43.5023594011226,67.519074541887,22.3310181297196,46.7450018128145
45.3288536394755,67.2901310863057,91.405195454647,71.7123203015143,84.0642266675909,61.9161428070366,86.1712139794236,53.4158917867356,55.0793689176731,62.0110185531197,39.0185493296552,33.0873503182906,42.7408024595393,18.3479475349546,0,53.374509791579,58.1735911492267,87.4394800077789,94.8398579004757,45.7428988231063,59.0066641051261,61.5629792837481,34.1630548659678,80.0259397482578,70.8721345878078,66.4204380929942,85.4106424535227,72.5842716095202,48.4610145614719,63.1472363934008,78.1597366855598,71.2586131278803,53.8943219353296,33.2276909800556,61.5340744796835,58.1747100363808,48.175375009144,41.1040557128276,36.1031105817529,67.69247296896,63.8933129009811,47.4438146630169,53.3541740035898,47.4253094690417,85.7726171937507,44.3102700902559,33.1452576381837,84.7400240082383,37.2840602863843,26.6165955219841,35.376359260718,92.0318828290544,94.0574473119572,50.8847411113182,22.6387639675235,64.5921034934657,79.0228328907968,64.5913967940759,49.9766744192588,59.503660700354,34.5735576029561,30.9917681021123,69.9171270671362,87.3751371856216,46.2073745382788,62.7572262457769,58.0596531545799,92.4968174985894,35.5269591103959,59.2121997433835,61.7402404432336,73.2091143124363,98.2862828325457,50.5320033204901,78.9387897867349,68.036930682893,51.7346897032118,52.6868796930577,27.5250613346522,84.9916118798838,72.3883148485841,39.9467882872434,37.1899423252951,99.6460857853599,88.6093584719762,33.6640895879126,64.3939788514956,66.8846743323918,54.5266360322252,46.867264072603,49.6985516467948,47.4294755034515,42.7888478229531,91.8375477493657,94.3004476045123,86.066990673706,55.7761330069494,82.4297423950939,18.4060521913761,55.1867232077731
54.2758151829233,57.7710363533617,98.0176135338849,88.5519683737945,88.1501550760962,70.8975783247136,102.613190763432,81.378542794156,65.9049887205218,55.9238776558897,37.4533797405258,46.7029139821337,70.0601995922257,48.6338991801444,53.374509791579,0,21.083326660471,93.0884186935631,93.2019906616799,41.3111195338611,68.9666866951841,64.7309077160586,37.5563950551989,85.8923692857454,79.4601961152043,75.5697303647619,77.1669555471172,71.5434493056869,44.560548801901,84.1448872988325,92.2940863788684,65.603879687577,59.2505715891943,63.9677030242744,75.220949754544,68.1715299123181,57.7566313937414,47.3650563957019,61.6816737719015,75.9322355700393,51.8738293775272,62.9600151558934,63.1312138961509,51.9036271249344,80.7622505420606,43.0424577349263,53.2207411121555,103.621741032704,59.5094381684454,48.5322792608079,64.7351573500904,94.2738565835159,90.4015960443621,78.7938293158297,60.4040502598264,77.2239222926432,85.6940308227624,73.5851061108255,71.4038715196981,55.4152470488828,49.3634473933435,39.1063454674955,51.327929164948,91.7815294310758,30.9356567496671,64.2095555988496,63.6948978388884,92.8272666349328,55.3757138471714,73.2662869244923,49.138888408144,92.666554990163,93.6933752587024,25.0033499936156,98.9937775237032,82.5931609374907,66.4565039605044,32.4382668154146,60.8724000291791,94.7493877278189,69.4076799940388,50.6473804028024,49.6577189919981,118.7760998935,92.458366163975,60.5270002444655,76.9493373948549,68.9887460203241,29.483581964546,24.9889763768267,27.6972490594301,25.3556390349599,29.8574484392133,68.4486535659777,90.0227216526189,94.907592440613,40.8164983481958,70.2164069831761,55.9878243009363,76.0729282579874
68.8362794716785,77.2784996601896,117.439339898937,106.555161018164,107.791494656984,89.1794761899275,119.540698980978,93.407593130944,83.8449652541831,72.2908748875564,42.5904388747015,39.0537455582301,81.9240231324019,57.6260783211822,58.1735911492267,21.083326660471,0,112.445926009413,112.088745814422,56.5987258319033,86.5290467404572,81.4104997952279,43.1412016002348,104.007124525836,97.5180980027076,93.6691100854992,97.5548402065651,91.4642831394767,57.3564960877188,99.1593806693954,110.831866598815,85.5105814640878,77.0260214821668,74.6585137635838,92.7233954434689,85.9954340863922,73.4899108987358,56.4270452670985,67.3385016117193,93.2485011628707,72.0072713702338,70.9940739970792,77.2222551462343,48.3077961008505,98.770169319983,58.9631462449582,66.7761219179538,121.548262920408,74.612508183208,57.7564992081792,77.5373443302965,112.879820292039,110.765569729836,91.5258335033075,66.2854914644994,95.2978862837885,104.804478496202,88.8868455381893,86.9345086249995,73.8092273966161,64.6191108745576,50.636515594486,40.6813058198645,111.122904189937,37.2852085248033,81.0116885232447,79.9379481434624,113.060887294402,65.6739892039318,90.9575775283952,35.5277016360429,110.157475810354,113.679423985061,16.8240076725625,108.463189711286,99.8699553688256,83.7554697489117,44.5730140728635,72.2915204052786,113.877255715371,89.0904127961554,59.3729381861099,58.9566785870901,132.364146159404,112.222724658655,55.9137795983014,95.1910145480797,88.476102938216,33.3179538515913,36.5651443095146,41.7791580678305,39.7147011352043,35.2417146931867,49.1851823760889,110.098453562749,114.306615467378,59.6969245721938,89.9177815529427,61.446912077859,92.5238859803716
68.0725020666687,49.153741149588,34.6702591250685,26.3063435724191,30.9034100638056,42.0363151650617,28.3910599017868,62.0407347985288,40.8662852317164,64.6689441821443,96.4241921690103,113.052937213634,69.4749748477795,74.5035576112805,87.4394800077789,93.0884186935631,112.445926009413,0,22.8384781170869,63.2599741607489,46.9332794984131,39.9621995395098,94.139919836776,20.7548121282637,21.231638872861,36.7750886311051,39.875674564084,29.0736721984509,73.5592246510238,39.985702763013,28.7179749408628,35.256908962275,48.4066022902577,75.1768894225101,27.6608797723287,31.3393447726691,62.3913065396846,88.4308623431957,83.6732615635172,36.1086092085823,47.4999869459501,86.2441771249772,61.4734500508641,112.568610259035,50.1910891159285,58.8398813315025,63.9609497978068,34.1767397552539,55.5615972799039,74.8241056256798,64.1122790954948,19.8108232425432,22.8695739960592,59.8251892486768,90.2867823140312,35.8732318008402,10.2981688831969,51.2063655125093,54.237785363675,56.1285814339594,59.0109279295198,72.5236129005984,133.495969374515,10.313356269278,95.1624402033282,42.1730328912245,60.4314427789509,27.1026955462441,80.442684556113,29.8685266475801,131.456613129375,26.3434506478479,36.2079744636624,109.80566337625,95.2174280798722,46.5853962662891,38.6400347094415,88.4886926982551,66.9328105512394,10.2960597803928,41.3313658177113,88.0934890596843,73.3297092055096,86.5699103340546,14.8924116407035,115.565180335735,25.610735271495,26.3441154421219,94.1234171381384,82.3833626705013,84.2150678546304,84.6525527093557,89.9669537904967,157.95383921397,17.6345510868749,18.9215145310875,56.5494070237762,33.2592110238957,85.4816654711927,38.0785686710464
79.5684021944948,55.4810154928954,53.8588989406291,46.2474737427885,49.3343375059778,58.6811630356422,33.0223238379192,67.5682532732739,54.6851335506302,70.5144444242625,104.475898133248,116.768223323081,81.9575014124502,79.2821538968786,94.8398579004757,93.2019906616799,112.088745814422,22.8384781170869,0,63.3643123745903,63.0746647676167,37.0719491221481,101.713310298052,18.5026796571836,26.8833940896222,49.6536698391215,51.0106647463018,39.6514212341954,75.1346991144148,44.2088972286249,49.9735395082902,42.3776585783785,60.2492765496395,88.7511136580281,38.4589752925218,41.3788713548872,76.1711932519401,99.070357071476,85.4036059491414,42.5160749772236,52.9849812094819,92.7493564230781,66.6315962013957,115.047872964968,52.4703870258725,60.3219408267207,74.6881063767065,54.9408986427739,68.2139053399522,79.2749049306947,77.4441481501647,7.59318973933886,31.7164886182213,67.7012838242397,101.541464359284,53.4794187864878,25.6217460696262,52.6891324669793,70.8274093296222,67.7779203948459,67.9356048467341,76.106324554726,138.291822894819,23.007199767542,99.8972481811742,39.1632503188924,73.1724223584705,43.7853259643321,92.6948522502461,43.2929891451827,134.745796189524,45.4898825203488,43.6799227365361,111.820017337531,103.820142987281,65.3832954565227,51.8986885350334,95.6234134025175,77.3396707626405,32.3592612991219,54.5763008092716,98.2733854459315,73.3232682637951,99.0994835899474,32.9463888089002,122.035611915765,41.6245902488049,37.9346291963915,90.2920068058156,81.7062844586069,89.2838534843868,90.1800955761687,89.0531799005588,157.83153991537,18.1198623536476,40.5318248736707,57.6290588128409,26.5544654233189,92.2739978619351,53.4539934122338
41.3589637607431,36.4530939243077,72.5683628574031,58.7049070218068,63.995039855797,49.5634761006948,68.1727777516457,44.4580374271122,39.3891680499833,34.1047440790987,53.7242022878014,57.6684272876696,58.9895932419716,31.3365588303081,45.7428988231063,41.3111195338611,56.5987258319033,63.2599741607489,63.3643123745903,0,50.1052303859348,31.5327384919861,48.7001297956201,53.2012805101766,47.8445339797306,46.8529495183456,61.2106083876625,46.6211986342,18.4193554766941,50.2674937539115,66.1968834816154,44.2279824207074,39.2094844346622,51.7156437961035,43.3784907152345,37.9064588670281,46.9218328342917,52.2349121870384,41.973435443921,45.4870725521988,35.8362926705168,57.9080332185027,44.6538053131525,63.0064623454265,59.010997009506,20.5641829526197,36.2526624490975,72.7157982316228,40.6326818776586,30.166976750543,46.0504071643238,63.1652159712703,64.5870424403193,42.8778096416996,54.679585509047,52.5631037235586,54.438291912727,34.9676086779522,54.3099496312133,45.1290094839847,27.5399956806376,23.8140927123423,80.9241304266655,61.6250219241774,44.110571616105,27.0094023118886,49.0628135829622,69.6323028424491,49.362718079616,43.5072074438469,73.1237458795746,61.8976057437118,67.6127654454956,53.8629094149462,72.3582600310082,61.1259655926351,39.4021271808424,49.1542247569892,40.4657927695539,65.2446695298366,52.8535295425011,47.0275017043851,27.8907377280278,89.3302756371205,65.735844955607,63.2700434845359,48.061787638669,43.0429080281165,37.2814631914068,27.7028439076485,36.9635969257894,44.4643313393207,29.7912250817335,98.2241967287782,63.7048946063329,68.0901322398406,19.4847521385155,46.6023209219645,43.813449950092,47.2156075551717
32.8473537088727,35.9118788490137,39.269921864794,30.8246967743973,31.2921283435765,10.4357985022001,61.7082023414244,59.2021839491241,18.052560338793,45.4946883336289,58.4186250627633,83.5256316313812,44.2268842255147,53.5162330483248,59.0066641051261,68.9666866951841,86.5290467404572,46.9332794984131,63.0746647676167,50.1052303859348,0,49.5177795573352,56.1279993580858,52.58244743718,43.2458607513098,26.6383733512009,34.7718392244446,31.1770460393063,56.7158200778521,53.4526189489811,30.5457301547908,31.1546578073353,17.3268151574722,36.106943598661,33.9281225468763,28.2704853243868,17.7221789511624,46.714458756869,68.0368875353841,39.1526753915007,31.1129375657352,65.8655643138477,52.2821788353822,88.4137410611989,58.7597716637742,47.1739353471175,30.6842125545043,42.6839894483055,24.3626473957761,52.5209054022139,28.7222233127521,61.488094611762,48.1377259220584,52.4299049664002,53.0993305950976,16.8123432019671,41.2541178091373,54.9696119912288,20.4931433356351,20.0155162964529,30.545261494003,49.8803868150323,96.6865909334334,48.3141673483386,63.8566775874299,50.5837066261152,30.5409207316548,40.4032666036265,39.1860089782914,27.0325444413196,98.1213047927091,36.4281552139117,53.378278887083,79.8647025603026,80.1878402626554,17.1236247185346,21.0927057583938,51.9907804733081,39.3777115964709,42.2419037953122,20.9289395873758,49.3599178230808,61.3682569888022,79.297867178627,40.4107114512972,83.0763168712247,26.1335045424073,26.5765857472844,78.1117973969679,63.0335373815102,51.6769667510097,52.8329879661747,70.4265474401942,128.30461738102,53.2542063342309,37.6850359059606,42.6135663821674,51.6368971314834,58.7067596344495,24.8799214687033
57.9916619240028,44.0893328380875,62.8359010386696,44.117875031831,54.9128721920265,47.8029438517922,40.793598142415,44.216669483535,38.7054269235155,52.6685572456791,75.4552198294831,81.3679674878029,62.3667045949231,45.3945282420669,61.5629792837481,64.7309077160586,81.4104997952279,39.9621995395098,37.0719491221481,31.5327384919861,49.5177795573352,0,71.2801607876571,26.1576855115831,23.6791948633425,41.755756487521,55.4322848023281,38.0027147402163,46.5365675796349,27.6009727110663,52.470811106788,37.5196459425446,41.676711537714,61.6929396332882,24.2295799948952,23.0494514180721,55.5011276372019,71.0947849046653,50.8829706367803,32.2801380655814,38.9354196733008,70.8385139943503,49.9533009685026,85.1920144003722,56.7880302595257,32.2542920476233,45.5824357098898,59.3139034788635,44.1685933766927,43.7225900909236,51.757836090818,35.4842088446459,49.8344102066095,44.8899774262763,70.8665228785596,44.8754599436611,33.4681587393876,35.7473197611746,54.5168283894964,52.3375232136994,38.8743813793385,40.7925732180906,107.072350257704,40.9268899592078,71.7694036104316,14.7315579826624,59.1091095504787,56.8749415474478,64.8316346002203,28.99793743308,101.482542831344,43.6463056855904,58.6469815134643,79.4566397583926,87.0366658653501,57.2882909903745,32.0174585094577,70.2147712345175,46.7423206587189,44.2109835875571,50.0203299010588,70.3898921118463,36.4451745820292,94.4851606293405,47.5506224174704,87.7366972076355,33.0012529210131,30.3404897775498,57.6126404199946,48.7591440278312,62.3392038460839,64.7927416250617,54.3885453033649,125.327261414178,42.731721238443,50.9351243968664,34.1655125749425,30.0110326683076,57.2609392954829,36.5376518128902
