"010102088801403001","010102088801403011","010102088801403016","010102088801403026","010102088801403031","010102088801403036","010102088801403046","010102088801403061","010102088801403091","010102088801403106","010102088801403121","010102088801403136","010202088800802002","010202088800802017","010202088800802028","010202088800802033","010202088800802048","010202088800802063","010202088800802078","010202088800802108","010202088800802120","010202088800802124","010202088800802139","010502088800201004","010502088800201022","010502088800201027","010502088800201041","010502088800201057","010502088800201078","010502088800201099","010502088800201120","010502088800201142","010502088800201163","010502088800201184","010502088800201205","010502088800712002","010502088800712020","010502088800712035","010502088800712040","010502088800712054","010502088800712064","010502088800712073","010502088800712082","010502088800712091","010502088800712100","010502088800712110","010502088800712138","010502088801503002","010502088801503015","010502088801503021","010502088801503026","010502088801503040","010502088801503058","010502088801503076","010502088801503094","010502088801503112","010502088801503130","010502088801503148","010502088801503167","synthesized1","synthesized2","synthesized3","synthesized4","synthesized5","synthesized6","synthesized7","synthesized8","synthesized9","synthesized10","synthesized11","synthesized12","synthesized13","synthesized14","synthesized15","synthesized16","synthesized17","synthesized18","synthesized19","synthesized20","synthesized21","synthesized22","synthesized23","synthesized24","synthesized25","synthesized26","synthesized27","synthesized28","synthesized29","synthesized30","synthesized31","synthesized32","synthesized33","synthesized34","synthesized35","synthesized36","synthesized37","synthesized38","synthesized39","synthesized40","synthesized41"
0,306.45723491955,259.006717011402,347.201831322283,339.931863434303,122.071044310025,342.026482044577,293.459644496652,323.387379027815,328.988347912037,85.41506785155,397.80534376483,309.867679531028,253.245253565121,395.618402738563,340.042274495669,317.063041134076,284.267243689854,173.362362105403,287.193526265672,396.073685323629,267.175504757797,326.28088343275,313.013949903579,371.96524452691,368.622665037613,380.165564731791,304.936480154959,369.762704059751,374.806574891986,373.872738316356,369.728481701297,300.1220467047,279.876859934766,393.67400830155,398.407881009035,392.730494263607,313.412495147295,393.789022472446,384.250459712551,378.15581252231,392.7334606212,358.658473566405,393.173031808771,340.321239708106,394.65946327773,394.200489181815,362.47486657607,395.982663500342,370.983449966969,392.431810911933,321.057242131777,392.298401623897,390.576099921824,352.395038712471,384.893722553909,399.041725471605,389.649051005053,341.696601869618,343.615845040635,286.442879902307,367.246302455565,349.613994369392,297.794526272119,388.303433739151,385.681105562789,369.870907029766,369.147469498861,394.360926596284,365.323261773452,111.277113993747,201.414254659922,394.288028977214,374.46687549641,111.085353928093,297.55592839732,284.855274102695,393.87524986117,296.472137328213,290.533350882669,391.90836356162,394.929906710304,394.928110514632,361.036962029372,396.662342576478,392.105336940221,384.13048368245,372.425437362752,394.0748466164,392.998869580779,299.559696077348,232.710996494907,336.174373264297,343.228626417915,326.1209085773,394.022829038011,394.026194835274,396.021855861585,304.676914759977,382.200309961889
306.45723491955,0,70.8129858782532,89.60903811258,48.8793322511343,200.74666265573,55.4011237690512,63.2035038997537,56.1123628601487,47.5147534612759,238.565577398078,103.843503790463,38.1251697024601,72.3320933902807,108.006778548813,56.2202422087275,68.7470461955263,55.8094414369255,148.707814653446,68.8543062154755,103.441648584533,49.3461728015304,56.1359213484568,46.7137668928096,90.4764567476336,73.1027927314211,103.005387821624,60.6482624208942,83.7157137705282,92.3427520225913,89.7410495273331,87.2755404313911,66.071662365097,66.1968412761902,115.492440766703,106.629806377342,116.752919327159,45.0074257815308,114.393935969873,103.754321553122,96.4288124854005,108.535951612529,56.9646541632124,98.0998173918304,53.2911915311742,113.706546340796,114.359909755265,74.4521058847116,107.024390210096,84.1442307356316,112.430382594898,43.6401153435627,110.088010390697,98.2980288933201,75.4637698256208,91.1836150995827,103.495914517827,103.169764648644,62.2311195500217,76.9866252585635,48.0892005635653,88.4976577200277,60.9454424370938,42.7372791760007,98.1852230361389,95.2559656938988,96.1695358408976,87.4875462788104,105.745005141549,87.2462179895145,233.647491597587,129.464362639351,111.579851996695,89.9776844486622,203.788122039786,37.261825276094,59.9416590634597,106.135775807877,43.2725727784994,41.8236905653018,106.356878108994,107.668420422208,111.494631743111,87.6100475203988,105.659091701911,104.03116975124,87.5386267969539,87.0218623973451,98.4272451434259,118.923359898957,65.1466912158186,82.247396514741,55.1425115048662,70.3089563145015,38.4285587632857,107.439323984308,113.13261523171,102.888894409916,69.0568921755116,95.7966648688684
259.006717011402,70.8129858782532,0,105.909528057033,90.9846177132194,157.575221965377,87.9800993801861,52.3147150127503,69.8367348003464,83.3423030769107,193.335722394857,148.024624502906,70.4362547386947,41.3952465163147,154.959959596632,85.9947162346236,71.7972000555714,64.2169222310659,101.93475969307,64.6185780262729,147.32744367048,57.5420186012519,76.6277085140341,59.7654738322053,123.335438694997,122.751284698297,133.021955170164,73.7261092404772,121.709646009348,137.654243173199,121.976911397574,119.149090687768,85.8949354094061,56.6372849485255,140.454564185422,144.976517115187,147.377602889669,82.1654390213494,148.815490686161,127.304041338463,122.707342606608,145.049354371606,111.906340372361,141.876061680581,90.926014541195,142.739423517718,143.78800468938,121.56006419516,143.530953673476,117.581156522986,140.353317851957,81.9741658303026,139.609517142006,144.863089915885,95.775519216688,136.019722968955,149.654280056276,144.012889898227,86.991133886471,96.772128618435,49.7255401328197,113.76414909638,103.807792199936,45.3928367777537,138.525526377047,138.251520468969,125.888589010961,127.527082383627,141.528319696122,115.133023980832,193.898887268324,99.9559022464812,150.557233240827,125.41019071349,162.267520527218,64.920464149713,40.1331899387655,140.382747660823,51.8433948059926,52.5457394947589,148.164253549101,151.839321668482,140.519094154209,108.540763617895,151.768139475656,145.606251549906,139.676618242173,123.273429383784,147.977593451186,147.891094862674,77.2495664170033,39.0502158691524,92.0273575590359,105.903281596079,75.8819763736668,151.727388682264,148.2447467783,149.395543233772,67.6957446050042,137.084870312635
347.201831322283,89.60903811258,105.909528057033,0,86.9828294680251,250.312432735357,72.1145245785403,78.0355589156189,63.2010120118366,72.809082606501,278.372374426787,75.0620154692098,67.7245672850065,109.06535914798,67.7806270879277,52.7915111533169,42.1249276962126,74.4571399802672,176.289924640527,62.9966053163266,66.4149422924007,106.086654623864,46.1886856900062,59.6128099763161,41.2562740460088,65.5760994115641,37.7308339123904,58.4924013480378,40.5525405359487,63.5896789642844,56.0832491672056,47.3279823082158,69.6346656631795,89.3205529063051,54.9917550005885,76.5512184643243,46.6995358056537,94.4819323820585,50.2707191198463,61.6686333615755,52.0070616838989,51.2185749905348,75.7912178992658,62.7276844035254,67.6538930131162,54.725802241434,51.5328939152454,50.3971133854735,65.080705247008,42.8812967581339,50.5612122282943,54.5026001641491,51.6783026043896,65.045985118484,52.1423984450576,57.5224590888594,80.3594956035374,57.6558694288235,46.3954315335453,21.2894592491156,80.4810275111782,43.9322032665383,43.135783805461,88.3880718893231,52.6776207459776,54.6258757227016,30.3055658292378,39.3452147640016,59.4179562744142,29.1119949323563,283.319336082354,180.137607636524,54.6857681580358,38.7326661010195,246.790667963901,73.7298966222527,83.2603062282618,57.7269945576254,69.291038842166,86.7425275209079,56.4351370447419,62.5776153597041,60.0733377139088,44.5027127604077,68.563038143768,78.5394436488027,67.2428765489158,40.3271721160968,69.2179352917093,46.1049137246535,88.8161198582262,122.992055350759,50.9497069733811,36.2267140236296,65.1413423219585,60.5303863175721,51.1764354232032,69.4660890648139,48.4002598950348,60.8382774994614
339.931863434303,48.8793322511343,90.9846177132194,86.9828294680251,0,237.221671315395,25.3898438701779,64.5173321093864,41.4141100239301,57.537974627132,274.819560291286,88.8647586783824,66.6180093044446,107.042417416276,99.7035120775626,51.0222290785266,77.5714875426646,90.1589737025891,184.14228590499,94.1536901181733,89.7188527951039,93.0449113069862,64.5200693134124,56.2577331930811,80.9960782158049,65.9200674036639,92.1351349066478,87.0871529131369,74.6229278188988,88.2197250666867,72.2653832134615,76.3566798163453,98.560012425445,84.2832067572081,93.6646037376406,87.9468936981415,102.639127226697,45.5752617216029,102.154220355663,73.4024775360728,74.902052120825,93.1333667836004,35.9843835709683,78.4417265281175,27.0011191932852,95.4980851856432,97.4630291868595,69.3905347778088,88.8621255536358,64.7929734987361,91.3251701102807,55.182386776014,88.4259584455694,78.6046290994086,54.7451358216982,72.6955175943186,89.4994585075508,83.3308434427388,52.9553444183294,76.0453516402238,79.9831956964931,74.5284583084383,60.5834211095144,46.2175059685271,80.7916821061649,80.3077981452667,89.6553698547527,82.8286955937364,86.3957872877799,74.37589328515,271.861035417384,169.347527744991,100.931295054233,74.9871033716749,242.278427298862,72.0851175554648,82.5586871289097,85.6872073636985,68.8167455356851,74.8623566629063,92.4598986090214,97.7787966693281,90.2751211325124,76.2222160992172,95.7253662743648,78.6603268708467,75.3355684591606,75.3893040468561,84.0924670688093,104.870329374807,82.4648878399856,117.15526564529,64.9901473113385,76.469493396425,47.9580428394864,97.4161455648872,100.529236642604,90.3179076789369,87.474315918168,74.1993114677128
122.071044310025,200.74666265573,157.575221965377,250.312432735357,237.221671315395,0,238.240550784374,199.828881726255,224.540463974322,219.244804442164,58.4540658186007,290.138579729692,202.485964829768,145.626065387376,293.574782551058,233.390286686516,215.37336290946,183.424987557354,90.5785463653647,190.932065620922,290.376743611235,159.630694875813,220.610281299478,207.637985331943,267.824092796963,262.012230311468,278.460315730758,200.865813541519,266.328703958505,273.185841359154,268.742249570074,264.203407240302,199.149206656981,183.041525566135,291.411936137725,289.784900603863,293.751320206835,218.086546625436,293.246581170015,282.133142870314,273.752423896441,291.457459019627,254.951768177622,289.086641694802,240.909863282095,291.262906703367,291.784670827681,262.01290430717,289.791793693299,268.188689670692,291.146236285784,221.374603167046,290.632178931472,291.099095731666,248.369455426795,282.625426225881,290.35706997444,292.041903430915,236.784794750967,241.971305010116,179.219119559537,262.214275557607,245.970880440237,195.776522936142,285.953713410856,283.408988054545,269.186503213708,268.817536458454,289.607296840543,263.811391349388,39.6375291016764,85.3435813659265,293.159123698424,273.593254259441,40.0182375146549,192.223295359828,177.600915699654,289.672870664355,190.946941643747,180.65711580531,292.490575385239,292.751714884641,290.403119812864,255.803017908048,291.811248337875,291.367613825042,280.845438667588,269.202774856909,290.709768827352,294.312447200772,198.939825128783,129.133481529867,229.954387715943,243.276026873231,218.200593137656,293.041384976219,292.769448784341,290.807990127713,203.659126504156,285.610874908916
342.026482044577,55.4011237690512,87.9800993801861,72.1145245785403,25.3898438701779,238.240550784374,0,58.8950603563551,39.0167812552106,44.042990753697,273.854535461624,75.3086114955351,57.6296716963001,100.850318640317,89.2621503084647,33.8202712383902,62.6120391638744,83.3125435733468,182.337739231962,84.7502976995247,77.107277855379,91.5230337056293,49.8076872074718,42.8257336906506,63.709677923407,53.7815317932415,76.3416105217767,74.9831081429723,60.1620658644015,75.3008036452328,52.2059737516167,57.4071051063715,89.4783492347393,75.1494645000518,76.8506448857385,73.0139885133091,88.7741181241534,62.1079794872754,88.1763232122267,57.1778443837447,57.0406303604889,79.4338072677565,35.6451711371688,67.8605567386448,30.3136666080728,79.2667736987378,81.6347013518479,60.905988828097,73.0603820528048,50.4781450484949,76.0384861698293,48.526753458434,73.4140362854197,72.3455083467312,33.1946426806863,62.8575089611298,76.8872829558815,76.5113342816603,33.6491738941172,59.0047216696361,71.4183557561826,55.7775777880135,48.9114801658501,48.3060814515597,69.086200906166,68.4260300011859,73.6700715765301,71.4466489792763,71.4655929789093,57.9581713337105,272.216472723332,167.095880759032,88.2770188855471,62.5537106158482,243.63239416071,65.4882334427746,71.8887312917178,71.3897808031687,59.621100127883,68.141851268242,81.9540821359226,86.5808103329278,74.3969139393341,55.7376952113034,83.7378261859737,65.769921229048,68.3168258424467,60.3208184750178,76.0221057216404,90.8660369498411,72.0596398420864,115.684363148393,50.6281979650674,64.1543983589024,37.0399466112436,87.0808471022158,86.5574659975644,78.3544337138618,74.2176762831386,71.5198560857181
293.459644496652,63.2035038997537,52.3147150127503,78.0355589156189,64.5173321093864,199.828881726255,58.8950603563551,0,44.2814788079885,72.0994378499277,228.80575844847,121.688756759849,64.0812011778833,73.0120483674992,122.799539568814,67.836641534528,58.8499757204761,61.3501218792277,135.354619367011,55.2576790929785,119.299982151211,73.264334953173,64.2811506643876,48.8490992492649,96.8569429945429,96.0086119840305,104.986047551063,68.78540232784,93.4758709324214,104.152521860158,93.0652840831205,94.0376106316941,78.0679154928458,38.3690791604381,111.841910986471,121.524126274517,115.554550933962,59.0636580181598,117.705842887427,97.1097758252849,96.759658358084,112.704167019132,80.6903480266139,111.086992289456,57.6077313814528,115.453587762919,115.483250689832,87.6725195101798,116.73099554434,87.8521942046758,109.837987505821,50.7491441740945,108.819951112404,107.527338900757,70.1621583855588,102.25739559065,124.886748687502,106.416352396716,64.6236783539764,73.7037895573816,58.8249576759426,90.8989246894833,77.2152015267548,38.1823629864331,106.634997252406,105.134785068789,97.1207875134487,96.28412958855,113.22759714433,85.8404861623471,235.545388896864,138.700686363599,119.220027023679,93.7848159736195,200.477142725238,59.1914279529591,57.0787366687202,112.198694337677,50.3822572727374,64.1567967561173,112.576743266228,120.325818643843,114.387879678051,87.6026207146569,122.851681909462,105.461739352578,107.601592231488,94.3097991816263,116.053024577536,116.478920816162,58.4737190477832,78.6479001660726,73.6829165522338,76.8125872281759,63.4767068668089,119.152497179812,117.594225980645,119.867846807738,61.2244983176746,99.7014942976528
323.387379027815,56.1123628601487,69.8367348003464,63.2010120118366,41.4141100239301,224.540463974322,39.0167812552106,44.2814788079885,0,62.2304003754303,259.708440379909,97.3838333074984,60.1354714231987,91.5094493973735,103.246509353764,45.1804792236227,51.35018573147,73.4638398114422,161.401785326507,69.716755803207,94.3924009094825,86.7100687838691,48.1154113757887,40.5487351772325,75.2102476968341,77.1348631570189,81.9212563598467,69.8470116692385,70.4927621585044,93.5643072674339,74.137115146512,73.2311319743531,84.9525460187576,73.4825333186553,85.2392351168698,94.3398809429289,92.1514475074126,47.7973616393816,95.0859078125849,68.4445419798923,68.637226188479,89.1927797241249,59.3650407048579,83.1565768631833,29.4188568804289,88.6113999977425,89.5166261703563,71.1706296830243,90.6786942460867,59.1917681861042,82.853814367491,48.5548752990768,81.739005641762,83.6165313376287,46.2933925670501,77.0572443562999,99.8514148014983,81.5282498779919,43.049779440312,56.6225829534037,66.7713752661013,65.4609258308928,57.8876176775933,35.2295503208044,80.1804329329731,82.5188069837864,78.0061014269948,77.1320762832304,85.9673351355299,62.4926838162518,260.64998391312,160.719991857952,97.2327065466289,67.4472126441668,226.046663336958,64.0942503680317,64.855926574544,83.4101959541578,53.3338042454961,67.1142200760749,91.6102964683844,98.7769459719967,85.4904135379928,65.1248816125101,100.431950828282,91.2762381101762,84.8399882574023,70.8848157051927,91.4172433245769,93.2846288490072,80.2309747678913,98.5066861964269,60.3475910580068,66.9244818090451,47.0755565624142,97.4059305814471,94.5170181848898,96.8472274477482,61.1940344200026,72.0373588213991
328.988347912037,47.5147534612759,83.3423030769107,72.809082606501,57.537974627132,219.244804442164,44.042990753697,72.0994378499277,62.2304003754303,0,255.424942053364,72.9727882134049,28.0748306945537,78.1415966258321,87.313527175367,28.7042452245887,51.5211839434615,61.8979968571129,166.457027880645,70.4196048731995,76.3862572416629,67.2458752807048,33.0565362833952,32.2911277608514,60.5003493050339,47.4298872250375,76.9468764915819,48.0691087649098,59.5090013155711,70.2820701605452,55.3461353720689,53.4603142163385,63.0551206437482,68.8948222337448,86.9267338087543,73.4977549491807,94.7038881642088,80.9120881979088,90.5646992946349,79.3316526901497,66.926680586168,84.9351658182048,53.5324399583252,76.4104723707085,61.2684770149716,84.4738660752281,86.596959107861,63.0580060664943,75.2550339117181,62.2782906131456,86.9205709158422,47.0084189985281,84.8699554755433,87.0274446986124,47.957324325814,73.3264313047442,73.1977381874798,92.5170243274775,35.2969928920849,53.5692717453992,46.2305532077943,57.1117711998132,43.612435442761,59.3505228792068,77.2036387094265,73.9026172869124,71.9529065034653,70.5618899673376,77.2030415483942,63.312151519195,250.101879815593,140.741367596773,88.8349076504042,71.4298946530664,225.334551176184,40.4788301378826,51.7300638579599,79.2830499613393,39.8635841534456,40.5835159596218,88.8230535200506,86.1586216153511,82.0323229811007,53.3005384379739,80.4409397302121,82.3752443004193,71.8630608467401,61.6526634791349,80.7103825058495,96.4668065813998,57.6024661799123,99.8272021544142,27.6533546651066,55.7055978934865,19.0324547741622,88.6250000835756,88.3157790433571,77.0041863925617,57.1217483581134,92.2231537863327
85.41506785155,238.565577398078,193.335722394857,278.372374426787,274.819560291286,58.4540658186007,273.854535461624,228.80575844847,259.708440379909,255.424942053364,0,324.144716143639,237.114743944585,179.700715345384,323.426772064334,268.976307210778,246.752319655605,212.691896273336,109.145751629947,217.131719711284,323.371288923672,194.781216352298,254.927981511046,242.414562220277,299.575306724625,295.566965506739,309.007323547645,231.583527484719,298.331654893725,301.455492307761,301.03904387961,296.706061063762,226.617781854798,209.023110126362,323.427677620685,325.173768738693,322.989619509134,253.392199782125,322.804322454919,315.741580752263,307.710931334757,321.865947932218,289.984710931444,322.604922810969,275.633889628093,323.52510567956,323.248724845033,292.303556772398,323.367832253985,301.557074127911,322.765356256575,251.894300567862,322.457707524263,322.206681169437,282.591716251828,314.978050019074,325.152900418026,322.405252519221,271.018442776153,272.79193801195,213.441286651437,295.798422525327,278.541981476696,233.174645566767,318.091961902782,314.668648508404,298.556931839865,298.560663826095,322.828766699213,295.168629804695,53.4679607430284,123.33110763752,322.901184628208,305.27320301627,52.0763365612537,225.243486142589,212.788201985857,323.109639713393,225.113793795328,217.675452636944,321.803043668644,323.118405045733,324.062708869324,289.104752518847,323.572341813552,321.167364725366,313.426169054172,301.156514081581,323.220110855311,323.360008632114,226.245288950725,164.303349248091,263.20708204389,272.057040976069,254.827924302896,322.987449445792,322.828676743404,323.195478304265,233.575639883142,317.057258578451
397.80534376483,103.843503790463,148.024624502906,75.0620154692098,88.8647586783824,290.138579729692,75.3086114955351,121.688756759849,97.3838333074984,72.9727882134049,324.144716143639,0,88.8542056288463,146.253091664721,38.5715721218207,62.6313108920303,90.2197891318159,116.708786594917,230.133339314124,117.848680839707,14.4427577731607,134.173881280467,74.9198642476431,88.5848413955399,35.4562957397215,33.9744534976092,43.45767081769,96.5262141615385,36.9243475723216,46.1519581131072,34.5658871560503,34.1818227347935,106.699445319687,126.924542757302,47.442419980699,18.7902950778153,53.2442265531049,119.15431065914,44.697357886666,56.1349353279248,43.677503328575,37.6423449447139,61.8210823007476,26.2507140845729,84.211639307773,39.3393507065281,41.4318259162374,52.7737357867143,19.422895613446,43.698532147246,46.5771770669511,84.5983121659643,43.4797299360762,49.9379501984398,62.0480609246833,35.6641867388977,8.87518875966393,57.2226022990463,62.676899364936,65.097132351546,112.139461759182,45.0906732307478,52.5827259804918,116.511352632726,33.5857943273961,31.9654236027379,49.7314277046716,48.8485716794543,25.7049294418939,48.8905502855166,320.554525450793,210.617987290279,40.5691027679626,46.0806519680299,293.276699834511,101.444910564621,117.255889512572,31.9332472034372,102.660686157283,109.974840283199,45.5876423416312,37.1039657281217,38.8037662728224,51.3481448996569,23.2445040662195,49.2913341583018,36.6954496710326,35.6568489215866,33.7105968857127,55.5429752799058,112.109468863053,166.826470831318,62.541228436944,65.6581567264178,75.4199257490452,41.7547811699523,40.8388517160853,18.7093170771935,100.477438922625,67.7018255041074
309.867679531028,38.1251697024601,70.4362547386947,67.7245672850065,66.6180093044446,202.485964829768,57.6296716963001,64.0812011778833,60.1354714231987,28.0748306945537,237.114743944585,88.8542056288463,0,60.0235730174047,93.6340660660105,39.279623929633,42.9471410622678,36.10323164958,144.296667753759,47.7316351228858,88.4095691032205,46.5268949102427,29.7468484054063,27.795826398251,68.8868421400155,60.7653571969073,82.2660540290139,26.3418025642168,65.927214624522,76.218338126412,71.9070171751881,65.898656090154,39.4170375069511,57.4910014387809,98.0327653338787,91.3321187128429,98.8305366192941,73.3068435364771,95.8134897803326,92.8896248200751,80.1035511296458,92.3146498318997,63.8791173049092,87.8778512543418,63.3525168040996,95.0901945832138,95.4762373772606,64.7667686503874,90.0537614416705,71.5518467117601,96.1766397200852,36.5650537700473,94.8136824839153,93.407727474419,61.3793528633336,82.2539516643282,89.4225120814641,96.8392844268175,44.933907367156,52.1142681885371,26.2437145179654,68.2268194723946,45.4023652721752,55.298314773359,85.7328109681984,82.5368333452971,73.9575774377622,71.3162606097064,90.050358467988,68.7618983747423,233.784645565315,125.302072247837,94.2756547268617,76.3235650370908,204.877962309353,15.7559345701901,40.2394819085766,91.3230752372553,22.2287817323099,25.7042951962152,93.9587986747627,92.7482594136324,94.9339984975465,64.3631472598326,89.9764023919011,96.667133728677,80.327655965979,69.4112070109292,89.7276452511689,100.551989108235,53.9113012615043,79.9510977731438,28.6274494492963,49.8051503356558,24.644475221632,93.4089271187893,94.6879111168437,88.5822622847347,39.7998349699695,94.7242255329221
253.245253565121,72.3320933902807,41.3952465163147,109.06535914798,107.042417416276,145.626065387376,100.850318640317,73.0120483674992,91.5094493973735,78.1415966258321,179.700715345384,146.253091664721,60.0235730174047,0,150.955202284536,89.9234829611807,73.7639009675393,47.1200269062301,91.2415705236419,56.0154109137997,146.122012011323,33.3583819903892,76.476472198411,64.4948336955711,122.613579327354,119.473799305944,133.96053108758,58.4025340891508,121.728625764032,131.292905819096,124.035998867455,118.964140393366,64.7031208107042,54.8053357437157,147.265022347661,146.100378761635,150.039764584854,100.191477182854,149.036774345355,139.865738838077,129.796759578898,146.797849704292,117.67889693442,145.240591589168,106.447584718007,146.601100592568,147.096675417805,120.731102065283,144.945325542432,124.459199718225,146.87654358403,82.4975330281507,146.224108418926,149.502964624381,105.878088731991,139.358921313972,147.148802180354,150.645954588882,92.9567637570148,97.9562483572644,34.7068333543545,117.784551736021,102.686668974833,69.279970416359,141.803842384414,139.350749312964,124.939236593246,126.036278613722,144.726359274853,119.432500897668,177.72445662018,72.927034637118,149.297509927531,129.912153664691,149.619709016285,51.7877617575534,35.4605301115649,145.186261573155,47.8037311766242,40.0546511135861,149.306047324688,149.57113068377,146.232385439721,111.407603728712,148.043214755693,149.551113081347,139.228042558657,124.45086457995,148.291345147698,150.880950290841,69.4292639847691,29.8418920237303,85.7617586757761,101.163574536647,76.4745510301644,150.006622175068,148.443696885343,146.922189242305,62.3411714628738,146.776714338592
395.618402738563,108.006778548813,154.959959596632,67.7806270879277,99.7035120775626,293.574782551058,89.2621503084647,122.799539568814,103.246509353764,87.313527175367,323.426772064334,38.5715721218207,93.6340660660105,150.955202284536,0,77.034883442247,93.7949849730884,112.095938019055,226.748780347265,111.561836529293,27.861949670558,135.852135252351,83.1572594315257,97.9973087464936,43.1678872536658,44.2090382200585,42.0230138828245,96.0761120121612,38.1475163148374,29.915875150769,53.8921943937364,50.4152362150607,98.7494326351517,127.213235742809,60.2359476131936,54.6780786185078,42.3905418041324,117.64709691416,32.4151398910509,73.688261324467,63.0592778855485,30.1655972460221,67.9228350532955,34.2566904875449,87.8266880147392,51.4655757440334,47.8532924905705,37.8714308748813,44.7842390217086,52.5015905190423,53.1559340591243,79.4442842108886,51.2844869519741,35.3608258673417,78.7951985644322,32.4444299020692,42.597893244126,41.4098485593997,75.5618360332468,66.9346955648693,117.471579968266,62.1598088333873,52.0165006895256,125.302902383386,31.9835164383179,24.4532910636947,42.6246262074973,31.0541928963171,43.2609412484432,51.9380949208373,323.928970136344,215.46132591903,21.5460310964466,42.4310327719961,291.774964498735,102.222801710482,126.494801888069,47.3049027049665,107.788219028511,118.422179493949,22.1312631686194,15.4258449887693,57.9202367108561,68.2352999102811,17.7133112274782,51.5977505883722,27.0445654308939,38.7485186099186,24.9232614699252,45.3714798468135,113.46478127431,169.048370119177,67.8254329441766,53.6940265497159,87.0538115217923,13.3164228987984,30.8581986577534,21.7179670318956,100.523052804594,55.2926388395658
340.042274495669,56.2202422087275,85.9947162346236,52.7915111533169,51.0222290785266,233.390286686516,33.8202712383902,67.836641534528,45.1804792236227,28.7042452245887,268.976307210778,62.6313108920303,39.279623929633,89.9234829611807,77.034883442247,0,40.8241987505882,68.7323969790183,174.069201228998,69.8775298436253,63.1244697143552,82.9449622876907,20.9374824169127,27.4478427097517,42.9462845365279,43.0658798074179,56.9068360663992,51.4505632585583,41.9547625945299,65.6725578960983,41.259803045152,37.0518781937443,69.9038730621706,76.52338221235,64.0578162479489,59.775533920718,73.9064475110631,75.8676830414251,72.2840461551409,55.031472449673,43.6152497581316,66.3889428840633,47.0008150572593,59.2303162527042,46.2652375268851,63.3001973120137,65.3482602870213,52.8399763312928,59.0099858607413,38.9506630869419,63.8366236699349,44.1494718092955,62.0628634138771,70.9454566215486,25.0726022709238,56.8482931257564,64.2235068949887,73.1744339108641,10.6673851404888,33.9311161053405,56.7930157699204,34.3626771375302,30.9866340239795,57.5801124588818,58.3585139959984,58.6646654728488,53.6190842436013,55.8618367744919,58.2405891347781,40.5371009021095,266.109001416549,158.631838852084,72.986469792999,49.9632731363725,237.32035401125,52.3107198426841,58.4483939140211,58.4869027733645,45.684784450671,54.8797547043775,72.8622667710695,73.371905785202,60.3678540009418,32.4133947155016,69.4375678475594,72.354246126419,61.9226039040366,43.1840669285657,68.2331257942727,75.4556145429564,71.5225957991213,108.253951538727,25.8285993761101,47.118791178424,20.1814922861661,74.5333502311485,70.5587421037549,66.2569677629046,51.3946133887036,72.0254286500278
317.063041134076,68.7470461955263,71.7972000555714,42.1249276962126,77.5714875426646,215.37336290946,62.6120391638744,58.8499757204761,51.35018573147,51.5211839434615,246.752319655605,90.2197891318159,42.9471410622678,73.7639009675393,93.7949849730884,40.8241987505882,0,50.8222696615869,146.79311605844,43.3705770502411,86.8480368836925,75.847370685337,25.4319380981026,31.4856263246187,59.5180000051923,71.9781303657554,66.8883206970772,34.3833798871232,59.9658255960278,81.7468682763152,65.4495434900932,58.661673689542,54.1885663228905,65.7509982553266,78.9783670998073,88.758874207418,81.7243888535359,84.7918583037163,82.56690883988,76.583360061555,65.3271131541986,81.2957899514836,77.6894933200071,84.2255907763628,65.5215617957519,78.9408676289097,79.1631503197506,68.3152854494771,82.7150447358552,59.9708859195218,78.1921562118078,47.8192993320272,78.5399256026727,90.8114616153051,48.6269612261672,79.4198066287042,93.3524659017297,88.0032566342023,37.7816643248653,30.9731722484019,47.2635884077822,53.4757107315216,50.0936757429487,62.1595005061312,78.25072114243,79.0109965848586,59.7524980355919,66.0626281022746,80.5668948429262,52.7243503340197,248.435446268613,144.945406866283,85.5156415364362,65.1252032511726,215.507633871266,48.1706192399732,46.4637419563891,79.4693779976791,34.6174043129315,53.3080435482683,87.3797912552661,88.0137677082924,79.7896737675027,48.7220351804382,90.4876775948017,96.6483177972234,85.5924895773674,61.3667564463688,89.7879459097511,82.0095635110691,63.589816112528,89.3939845690563,41.3579585066342,49.2765035183088,44.6311251107063,89.5530040388779,82.280648376364,89.6087048880729,21.4869830033205,87.198981635379
284.267243689854,55.8094414369255,64.2169222310659,74.4571399802672,90.1589737025891,183.424987557354,83.3125435733468,61.3501218792277,73.4638398114422,61.8979968571129,212.691896273336,116.708786594917,36.10323164958,47.1200269062301,112.095938019055,68.7323969790183,50.8222696615869,0,116.061054204749,22.0657779973879,113.412022347583,37.7279590012098,53.1767154435988,49.5570028843319,91.1455818870053,88.7092750734131,100.30087115896,27.1815150226993,87.7406597929295,93.6958623675623,97.6764686494591,91.102845370499,23.7495151559995,48.1440794332762,119.368944338415,120.864223905488,113.923261824553,80.2989087637096,112.519939772308,116.357672766713,104.836057593781,111.28339872335,89.7240497631197,112.366152431003,81.5001849274866,117.015595554068,115.811371459305,81.5597274534047,116.203925374803,94.4046565789678,116.203142396061,46.3266687568258,115.714594724197,112.004366609885,85.9573564074086,104.35212663814,118.432777869482,112.792318099904,70.6332217721073,67.3332792353294,30.0510551938733,92.7304942164071,68.0746262622432,66.744730099972,107.213489232829,103.567720905703,89.308230352938,86.62047647842,114.688489421685,87.7411782717631,214.893376330639,110.889098457993,111.618178242472,95.0226777269528,180.428380086756,23.9877572675464,45.3397863683469,115.444790011085,32.8123482077075,40.6676348585756,110.512274997482,111.706888246522,119.203605401445,88.1260049768239,112.787819417533,118.243039074893,102.708629413725,91.1528269649889,112.173699928249,115.185178883574,55.4687110356473,61.4086846868598,55.634182617935,60.3951492836017,57.5957152091759,110.88404800924,112.446999565699,112.616811131931,36.8245457259011,109.926900490592
173.362362105403,148.707814653446,101.93475969307,176.289924640527,184.14228590499,90.5785463653647,182.337739231962,135.354619367011,161.401785326507,166.457027880645,109.145751629947,230.133339314124,144.296667753759,91.2415705236419,226.748780347265,174.069201228998,146.79311605844,116.061054204749,0,117.118355817725,227.10712932554,108.106186367063,158.012660444304,147.827816428302,202.014956150372,202.949923741002,209.068583550805,135.102460685305,200.063965993837,208.383039124458,207.082554819718,201.167559632119,131.652532477208,122.460000023348,224.27062098348,231.01919247049,221.430046327669,160.214243135831,222.508608101622,218.291664282379,210.049160893568,222.427748544041,197.635810217538,224.803974113523,179.311480006482,224.319142644574,223.49534404145,195.340334345017,226.996044084305,202.537527480136,222.565096434606,155.963894192083,222.841588592668,223.558944336599,187.115792382719,216.952719564276,231.757678077171,221.693181454865,175.277546707603,173.128296120089,121.47960496188,198.381278983443,181.600878952757,141.608029249292,218.973184366373,217.098044660578,198.740169501935,199.26911377979,225.059996772229,195.632702287904,122.968444424694,77.9686556898068,223.574895697518,204.786662166049,75.523640058117,132.47652034411,121.358868192396,224.425861111567,130.074617754928,128.459445573582,222.74883616558,224.848148288955,225.607994396627,192.434719871857,227.466944194309,229.031090919831,217.310636104576,202.875059279378,225.769218153553,221.747186190098,141.334616592855,71.0348487679918,168.484832854394,174.07461231128,162.018469150962,224.209712265426,222.992343706327,227.467002705804,133.653041130152,215.797611287852
287.193526265672,68.8543062154755,64.6185780262729,62.9966053163266,94.1536901181733,190.932065620922,84.7502976995247,55.2576790929785,69.716755803207,70.4196048731995,217.131719711284,117.848680839707,47.7316351228858,56.0154109137997,111.561836529293,69.8775298436253,43.3705770502411,22.0657779973879,117.118355817725,0,113.106498832922,56.4032754736175,53.1124142255977,50.7306798019755,88.0849801903048,92.8300380410098,94.3820626065136,31.5986476525574,85.6127855787215,94.4707986107481,95.6149481843778,88.9095654755314,33.4741028698873,48.3294045754969,112.410133611172,120.913484732217,106.513723429056,84.0299974241669,106.922491070152,110.268631378532,100.366920611857,106.489085927493,94.3007416291254,111.072018079181,81.3790946836614,111.464468572987,109.735970183557,81.6359691026107,114.292750861776,90.6172057877162,109.337958023743,48.5873855139128,109.322877637474,109.87955329328,82.3470956181708,102.977787020145,120.760334542087,107.974419098797,68.833767993883,60.4530323485538,40.9599029588182,88.664182321498,69.1834334807324,69.5999909109889,104.151033302617,101.566668524406,83.3011081549889,83.6196000480181,111.592573554203,81.7198696867123,223.34521628648,122.773633172541,107.676527234959,90.4546556927497,186.124439131952,39.6299732731407,49.2654377618746,111.588359058675,39.4073170521553,53.5801131964548,106.628303824784,110.040802376133,114.400882337929,84.03415540406,113.025963337944,116.680000566605,104.579103608634,88.2155047430467,112.574940791275,107.132449707659,60.4424791106959,67.4094987568672,60.0303547020279,58.4621420767236,64.1349445560365,108.659776440202,107.377922442914,113.222804766326,27.9369944512346,105.604640912683
396.073685323629,103.441648584533,147.32744367048,66.4149422924007,89.7188527951039,290.376743611235,77.107277855379,119.299982151211,94.3924009094825,76.3862572416629,323.371288923672,14.4427577731607,88.4095691032205,146.122012011323,27.861949670558,63.1244697143552,86.8480368836925,113.412022347583,227.10712932554,113.106498832922,0,133.802438760148,73.2392840780142,88.2289356659232,30.2332692680812,35.5110474952653,33.6578123428496,93.802923784308,29.3982375288187,41.5430873872195,36.9657289528651,33.3764190853945,102.762045202438,126.030010165763,42.7442083680851,27.3175903604684,41.443940134462,115.644077232499,32.4642944946971,54.9982127138525,42.628038753482,25.7547274477352,61.7529218712835,18.1431184765359,81.4236936086475,33.495323414475,33.4192768860202,45.0541146219636,19.9779673991122,38.3158921623264,39.2278615553224,80.6387806025322,36.2450198495375,40.5298905465832,62.7107307236585,27.3329590308331,20.2032886034537,45.8558058487024,62.1923843692525,59.6722740795246,111.85674557305,43.4507812463486,47.8638666725532,116.337302115178,22.5712837721898,21.7180825975088,40.4147223615326,37.8079854242693,21.018126049221,41.9250982183788,321.270933048522,211.934176750117,27.2024326039275,36.53231832297,291.623857691175,100.177525808551,117.738120516678,26.3124939465001,101.74133250569,110.892792855781,33.1108484833376,25.2084340087139,35.9269722945979,51.0763712007639,13.8523123019805,49.215457177526,30.0952531246584,28.08919895753,25.115233903823,43.7156443122176,112.537084754255,165.331332849223,61.5006671959489,58.8278829404143,76.3910299739202,28.7624501511543,28.5890307510127,12.0938892157014,96.5605055593891,57.6538321292524
267.175504757797,49.3461728015304,57.5420186012519,106.086654623864,93.0449113069862,159.630694875813,91.5230337056293,73.264334953173,86.7100687838691,67.2458752807048,194.781216352298,134.173881280467,46.5268949102427,33.3583819903892,135.852135252351,82.9449622876907,75.847370685337,37.7279590012098,108.106186367063,56.4032754736175,133.802438760148,0,72.1791920339155,61.7814077936154,114.841267193458,103.910022576278,127.191156510194,53.9501321281689,111.238361986109,116.072020703615,116.789797310623,111.973810169097,53.0324568469621,55.3019216531799,143.328082931995,137.144376587356,142.602662002766,82.8900436775763,140.129733956072,135.959414445797,125.29894123294,137.070554068837,99.5077187822488,132.724916047487,93.8035879196353,141.068416076036,141.15804987628,104.491486077077,136.419442086814,116.083557388209,141.277091081105,67.1310990208656,139.970879523834,134.291056569453,102.864094553954,125.735129296032,134.268119483145,137.669297362942,87.8536555846242,94.4465162434391,32.5732956211292,113.694511624153,89.1610187755955,65.0082831006808,130.430682366935,126.556582814359,117.664193457123,113.391628191343,136.244071307951,113.136526642746,190.659850543565,84.1351406059395,138.189920267705,120.148042966381,161.905720960178,35.1774576618142,47.3565426182375,137.278233882234,43.5986051048196,33.0555231360988,136.36964537938,136.018894636927,140.873395280391,109.174621570117,134.249130087881,136.885791142846,121.998633786613,114.851936934067,132.53750327717,144.188124176694,62.2341905872448,46.8041921322154,74.3653236038284,88.8793685054058,65.3647854945889,136.134537326824,139.362285592297,133.0866986489,65.7241049760341,133.040034834247
