"031201088800101133","030301088800204040","031201088800504056","030501088801504175","031201088800303002","031201088800504004","030101088800204114","031201088800303099","030101088800204040","031201088800101057","030501088801504196","030101088800204132","031201088800504028","030701088801406142","030201088800703129","030101088800204028","031201088800101088","031001088801106094","031001088801106022","030501088801504012","030901088801202076","031201088800303130","031201088800504016","031201088800504108","030201088800703091","030701088801406094","031201088800303056","030501088801504111","030901088801202092","030901088801202107","030201088800703147","030701088801406022","031201088800504142","030201088800703165","030301088800204076","031201088800303038","030301088800204002","030201088800703037","031201088800504052","030201088800703110","031001088801106142","031201088800101024","030301088800204021","030101088800204061","030501088801504047","031001088801106122","031201088800504096","030701088801406112","031201088800101103","030501088801504026","030201088800703073","030501088801504153","031201088800504069","030701088801406130","031201088800101118","031201088800101041","030301088800204067","031001088801106126","030201088800703055","030201088800703019","030901088801202046","030701088801406058","031201088800303112","031001088801106053","030901088801202061","030901088801202122","030901088801202031","031201088800303074","031201088800303020","031201088800504041","031201088800101148","031201088800101076","030301088800204049","030101088800204020","030501088801504159","030701088801406004","031201088800303171","030901088801202016","031001088801106077","030501088801504132","030701088801406040","030201088800703111","031201088800504120","031001088801106159","031201088800303167","031201088800504083","030301088800204085","030501088801504004","030301088800204001","030101088800204002","031201088800101003","030301088800204010","030901088801202026","030501088801504069","031201088800101072","030701088801406016","031201088800303148","030101088800204058","030701088801406076","031201088800303093"
0,112.228923597734,34.2304459431075,31.5744970707852,42.5568277106877,42.3689625212965,44.4207035510175,41.8529738702016,19.4981229845881,67.7272427049128,120.987159927192,43.2178011083419,117.188137350557,28.4781559582674,77.909459993306,53.9184428134672,52.0034527516203,19.5755087263403,89.1689133207218,33.8941480438379,62.9441593717504,37.6635560542156,49.4582970284585,100.232716872457,48.1468405916374,30.253312316136,54.3228421127297,90.4357035832308,162.488997936727,132.700897775151,27.3411799016722,36.9634270468557,34.4185956591041,29.2533508043575,45.3837250078543,73.870537536119,60.4366805126517,142.644383945928,27.5599068393273,51.3932466399689,67.7339964604601,58.7928167707734,29.6642480789557,29.565608936096,106.601685605744,82.4854806048023,70.4767731232813,80.8513757409245,34.3453275051331,134.17684398188,51.1051740085862,211.272426241387,47.2523885831894,60.530723572667,123.364695264359,53.613259752529,43.0479237002379,28.3571713153551,39.1723792503055,80.1660553505486,194.490676963497,90.5357774716745,55.8688928840253,65.3921872830474,142.601175604578,91.1701199155644,175.172502388191,52.755426534962,41.9361157839773,56.267600235385,66.2477587721192,107.198082665802,26.9468220860648,32.2694250160985,32.5115383311406,53.1314864709662,48.3011597187718,73.3643764136452,69.9903295335263,122.324341161518,59.8835495819887,117.14041537618,108.467225467448,41.5503786668139,42.2915411584761,34.7916580610051,44.4033940841023,100.597194823562,27.2866472944668,53.6470283006587,45.9570771558516,67.0602781958857,97.3917187638924,149.172752020563,16.100318899259,20.8142460711138,51.9602123197568,23.1832814357493,62.1612082784303,43.1188206138362
112.228923597734,0,105.35077825433,85.7844002992175,102.738251384504,104.44357497695,111.38439436748,104.463883759,111.660940123893,62.3959874304336,42.2260131888523,91.751362376961,24.6754067856055,100.42441457033,44.6667375845087,103.560847971049,84.8406083468714,106.670074572127,43.3572485981682,94.4555162386876,58.1115981557517,99.1826218378784,103.157950827007,18.566506551803,103.017967627927,86.8297131181147,70.3730112503046,60.319007503042,88.2429002109241,62.0278079972549,103.881394324507,94.4689760113123,114.579309314889,92.7324266781991,106.501580577888,51.3503538919862,104.296633801316,55.9236439699677,110.134490792285,104.067084069539,56.7317032349364,90.9998342983757,96.7594126005214,106.693172922223,29.8044688478479,43.7461689591028,44.0952350267419,55.4397961901812,107.716213623928,39.8050582932461,103.205376840007,106.575201845859,103.308513147371,84.7232816274779,30.6487712275342,79.7412088029157,103.221944198272,110.708593599192,86.6022398124829,50.5478046316334,109.655676352389,26.6463752247851,115.043319976646,51.3251240994471,58.1517805927138,65.5254716607101,72.5757471592635,89.7297684532138,96.7961909871647,96.0778290061872,68.7320290656511,52.4274952124143,107.99780037534,91.6152452475644,89.647541368533,89.6855012533793,105.150047930132,47.1867562631932,50.7263746343574,55.859346947503,70.1251703064839,27.887709000937,26.5940388427903,78.3771557260861,80.6332781595229,90.702584224469,101.032135965797,26.2786105313586,108.622434263963,103.346215340061,82.3675817977504,72.1559506065144,39.1796677035359,53.2118321097488,109.385799855441,112.690626251879,100.77235836016,102.373152144084,52.4789561196072,78.7262244169554
34.2304459431075,105.35077825433,0,30.6785343705618,28.3977785967894,11.6598446733782,42.7849873344069,10.3935169471773,33.2847566283244,49.4833356992373,121.514205077202,31.9599357632517,107.988067562118,29.922584189891,63.8476513051642,25.6052924816047,70.6758934013961,22.9688385769352,93.2777373493429,13.8449850466299,48.1890942425611,12.9366847832136,21.7334897479997,95.2325929369545,23.4309534098873,32.7585819617836,50.721453072092,87.1615955141055,170.444388902789,140.362406414724,44.5367504284814,22.8788050531525,28.8611427684137,26.2636446877895,37.3050343281477,67.406114941034,30.6904951204484,140.47424640061,17.116097825302,26.4514351839272,63.0151204884035,56.8330239919027,32.6740585775897,8.53831330176881,103.064091559133,77.0821740831631,64.1726472226129,71.7465282548516,27.2660158845308,133.342538176246,21.0814607454539,206.735223748332,24.2497840980586,53.2205546039663,117.346286399678,69.7983691255013,15.4301992458421,23.5236106333723,43.3596670756402,85.7793439808002,196.418372669832,82.2933428812381,73.9566489547142,59.307135263518,141.314430427655,98.6641968565622,174.867455860004,29.6208365167288,15.3033985366454,29.1008715464961,78.7888191201693,103.615517087694,11.6738737084772,25.0402424346754,33.5056293145056,55.554486730458,17.330222030303,70.4169663406395,58.6055373506404,128.263614389588,46.0497181471147,113.696580031319,106.152320509705,50.9820637701756,29.1031028959813,47.3050612355567,26.5874504532092,97.7911923235192,33.6655670142947,35.5669546205903,40.8485676940239,46.9224243389184,102.191366010376,150.124173902721,23.167092347112,25.3407598979577,38.4549326916688,28.3039477504304,63.7666632660133,29.6189705732418
31.5744970707852,85.7844002992175,30.6785343705618,0,37.5994163729253,36.1220155238064,54.62735535893,36.4174524951903,29.5930263062183,45.2571469148842,96.4703997827307,35.4926435050275,91.0152397794263,18.3417540354447,50.057733212721,47.5579219520435,51.626947279321,26.2497676696007,68.8531910572378,18.8788364833637,35.8723291226249,32.1846642123302,41.2766933132816,75.5749225241437,39.5440968223259,10.3136494004376,34.0842898266526,71.2329872498385,144.696883419799,114.683793914067,41.9938402720137,32.5225976369288,40.2988295823425,12.1008297837795,39.4226026210839,47.7814481039852,51.7669771658913,120.576655814207,30.1860875062003,47.1420918309254,46.9134263492628,54.9840497554091,24.702802318019,27.4552641622689,83.4565954863279,59.7470913176367,43.4963669511955,62.071927967604,41.7955126081105,108.630532647178,44.0994512576578,186.161282178576,39.3208552427285,48.9507103293428,99.8150214080671,50.3050138709692,37.0825336453506,37.3222536524402,21.7030505175606,60.1207066084302,175.701033663093,64.2847238305515,70.6761054178772,37.8843496503771,123.250891651786,79.5634763558301,151.379633696704,40.6087808102362,32.0507599771913,47.272251767252,57.2863263871344,91.164069151545,27.5071421780599,22.5893745528877,8.38683310625106,51.9598957314222,42.1462984474656,50.7502094169534,42.4531944494638,100.985913052036,42.6211083661136,89.691949921215,81.5909792103315,22.1967248084538,23.8084372578694,23.3363061913847,42.635151550407,74.4134858117642,38.733530267289,52.1972682450921,37.3181292430171,48.2383620900338,76.270338743201,125.702305623783,24.8027712031418,30.9740419010745,46.6264058798267,21.1853931986394,41.0713413717669,19.0964490090902
42.5568277106877,102.738251384504,28.3977785967894,37.5994163729253,0,26.4447217718994,56.9202334296549,29.3053686517045,40.1224320609521,49.7561830699682,124.176521049419,16.0679430800653,110.93689383955,31.5357980740263,63.4190577956169,30.4201775271499,72.6770381949123,24.3468953276866,91.9780723058173,29.4856302570399,51.5205191911961,25.4599174148092,20.0808525148931,89.8550920424508,14.6121727639396,44.4934856249779,64.4361568563456,100.025391458261,171.654234451074,140.08393699322,49.9925968077962,26.3001221879163,54.5098636063273,33.480847879167,16.2081627233804,57.9456073849957,31.6572652799724,145.514574397363,41.3011128660396,31.2849380660493,72.914371570474,73.9171427877096,24.9988526923256,29.8044760678218,106.447157745735,84.6980868675236,61.81876184889,79.3600391728621,41.1231951163818,128.780878806668,28.4103254587413,207.583387673053,13.7125265399107,72.6956914539721,118.884720294965,67.4462695248654,20.9423667953556,46.5995163233704,57.4593507101918,89.2873705361034,200.886658184672,78.7026433565185,79.7849324252369,54.838880091224,143.361576314452,104.658497427153,171.49011146499,24.9124856692512,20.675954996979,36.5804978616587,74.8429146463987,103.227894729184,34.2531435510672,19.6500216856622,38.3183589680666,68.3824214859098,33.2297512373477,61.4530324493112,64.6188400447268,129.936146204162,41.9007158674602,113.231786353547,105.135665480375,57.6256347208091,42.5512023861886,58.2221385968624,46.620273324255,99.5324065373766,52.1377337705404,52.8867038322039,53.96467104458,44.1561080620183,100.827899608597,146.957071766749,34.0403437447779,46.2349979894353,63.1857694635172,26.9529278855678,64.5799835671517,32.2989920202022
42.3689625212965,104.44357497695,11.6598446733782,36.1220155238064,26.4447217718994,0,46.5346943937579,6.88293065168036,41.6085399496826,45.8298655546817,123.08297270769,30.1924546228405,106.973144831797,36.0566461444513,61.6304782383509,16.075597316411,75.1380418590212,29.3417664389859,96.6300159077304,18.529568390252,47.78037659042,13.7393662469223,13.0005870322997,94.2350494491785,16.6433239701704,39.4271771945559,55.643747784001,89.5040343627262,172.734360072934,142.650480588881,49.5677707552669,21.4437316253702,37.0100330312096,33.7483170284392,36.7393464485789,67.4450379560639,21.3405707444518,141.083741038886,25.8150367393817,17.5572673774678,65.8226815736977,60.2071979721333,38.2644934317639,16.031220406123,103.475716754948,78.4311841877203,64.7402647186563,70.5544898757677,28.2755743026544,133.308766716203,13.0775776320938,205.86192057401,21.4862204058031,55.9556187793585,116.165512302697,73.6452194846218,7.42601959213172,31.7221185101693,50.7364231042415,90.0256121159917,197.263497513533,80.4733250210367,77.7057934594684,59.8473832799251,140.913466255498,101.073412509439,174.783469326924,24.0538988967782,11.0734160998637,22.7231543242248,81.3888349813365,101.687577444868,20.2638869548787,27.8932916300355,39.4225459540109,58.2978358882581,9.28242315675203,69.4938250231494,59.0484535947321,131.064665482551,42.0645144129261,114.494444866167,107.062033003992,57.1930629952698,32.3929952931832,55.2597480547888,29.0295463299599,98.7514915711118,42.2219032520324,35.689399983543,43.6032835335164,41.3580479705326,104.670086017883,150.340305953365,31.6516004745879,34.5348947861603,42.4593182435752,34.0356545129269,65.3841726066739,31.4525370187046
44.4207035510175,111.38439436748,42.7849873344069,54.62735535893,56.9202334296549,46.5346943937579,0,42.5973999404893,52.5096843879129,61.4186199245396,126.90921036804,49.5934828432431,111.486427484981,60.5346084960169,78.9095028350798,47.3607132832942,61.1814552243715,48.505326144658,96.0690733934721,47.8096216503483,63.4650900495757,37.8078504197345,53.902989478051,101.453378760073,56.9706784847758,49.7486490104903,56.3099509046581,83.531956805564,166.161031854315,136.3811671181,32.6013958393575,37.5108572509491,38.0298418473918,52.4958273815618,69.6078286607145,84.9556902577847,56.2336171986945,136.981469545277,41.8074159733942,45.1420056051265,64.088459787035,38.294304514027,54.8089028791166,45.08278135751,103.382338878995,77.3697327697616,75.9159912604582,67.6256191064424,27.5700012907513,142.212591690437,46.2313090076682,207.663422747065,58.448803962483,48.2175333430548,116.931663521551,62.5659781434514,47.5738877226048,29.8477182515236,57.2505399009889,87.0813279969646,187.650932658433,91.6096126305939,47.5771855702089,75.8575792512742,133.820555725903,86.4181852106026,176.169087608206,49.2857268532498,45.6635755539645,42.8169195351365,74.8873079871245,94.5228228187011,43.2635879046245,47.417519208924,60.3503378703344,35.0694050228775,44.9895173479883,80.4089620304774,71.3153799806528,131.553794361605,55.4760264333017,123.740287999102,116.315578730927,63.695712672625,41.492902234713,59.7014543317232,23.9327787885753,105.240423405204,24.4919847558916,23.8558339955007,31.4081413581644,60.619982017648,103.843836075979,153.711882996509,48.0869143955432,42.1285791521365,38.0512402550057,55.1417551411641,68.0999035549856,53.6333352568029
41.8529738702016,104.463883759,10.3935169471773,36.4174524951903,29.3053686517045,6.88293065168036,42.5973999404893,0,40.7440813193674,45.957260062006,123.019654891517,31.5827252033741,106.59161481739,37.2128195622617,62.2462947989318,17.5344039693512,74.432736883472,30.5460609027587,96.1213195943789,18.2582018100868,47.4771564098173,11.8980250894254,17.3624742215584,94.6808666625684,20.878208972977,38.445558491915,53.8090992172384,87.7868739124107,172.285905988832,142.111119757308,48.0859270732885,21.7713901373909,33.987171197851,33.2514304999729,40.0206274443981,68.6480664554716,23.0755731035327,140.234055852388,23.7320435330128,19.4293771147017,64.2914690549361,57.2162752260724,38.6962467815661,15.948748008883,102.921610498737,77.2502545048605,64.9061264936473,69.5713561616743,26.9143269363302,134.142137034297,13.8325852212267,205.872807566729,24.4349694572649,53.4011172153355,115.875527760591,72.7857401820626,11.3918906505835,28.6459731656429,49.2042444333609,88.9563377934385,196.363566556291,81.1033813986838,76.1807982213288,60.7539021185494,140.291067808441,99.8597538354347,174.881988279234,25.2948948609872,12.5308880921949,21.8802626486353,81.1814472943962,101.505902209546,19.2853840000868,28.0429536191585,40.008170314386,55.8798746823789,8.63721009162347,70.4673949773096,58.8037232018628,130.855982152116,42.9068792994962,114.624817544881,107.348811058119,56.726986704134,29.8216271641911,54.305844541207,24.5115833956226,98.7426144073774,38.3465534391073,31.6239504486187,40.6325776505606,42.2923694561277,104.178015818559,150.761691649263,31.2907124241767,32.7096384945427,39.0504029828562,35.0763084755523,65.3026123348139,32.0230812965907
19.4981229845881,111.660940123893,33.2847566283244,29.5930263062183,40.1224320609521,41.6085399496826,52.5096843879129,40.7440813193674,0,68.6575908860788,121.728460405848,42.856031993163,117.838533621004,20.0792178383656,77.3646353521432,54.8610149091049,62.3757024821807,21.2540189346753,90.3431928644913,31.4830335110675,61.9305322943502,37.98874362457,48.3536848147292,101.146772008445,44.9864575780334,29.5905241724463,56.39739206387,94.4131345803216,165.981413947293,135.265158599481,41.333227921241,42.2418515710649,38.124345997387,23.4580586423993,39.5193836013407,70.2561638351949,60.3407064193287,145.842840820098,26.6830286616524,54.3880959867987,71.1466825912276,68.2695873918581,26.9225644593476,27.5366548282769,109.510382996418,85.0629122587072,68.7210117930895,86.071257389276,43.6993863031977,133.949341013447,50.5902202600782,212.735894945762,44.7129585509887,66.3219440685404,126.348792293441,60.0961718922154,43.1473621420185,36.3454634622766,37.1282541760424,80.9665040900808,199.233069168451,90.7881878325768,71.3351571558614,63.6084433459874,147.740039353846,98.9295966326474,175.356774321808,52.8725034321093,40.6128226714832,57.9383326623815,73.4476477589125,114.263295925173,25.8227797381792,30.4238985414408,27.0032964377262,64.1543557435299,48.7768720270597,73.2743005098538,70.3924476976319,123.35884772558,63.0621651773206,115.565722880501,107.629974788851,41.5252444145799,42.2782600782379,34.2020473220985,48.6496243761101,101.034569274844,33.8356931435853,57.6150256052985,51.0701020785966,69.1185742010107,97.4064928652375,150.66102585983,13.1607084760022,23.1865745981215,56.9845104576435,17.1264256883048,65.427892701558,42.2323366892579
67.7272427049128,62.3959874304336,49.4833356992373,45.2571469148842,49.7561830699682,45.8298655546817,61.4186199245396,45.957260062006,68.6575908860788,0,88.8251697514504,39.8694610702355,65.3278563905878,57.9140697583487,22.6916101562197,42.0692364444967,66.6084968674325,57.6841993680505,66.4270003217908,42.6888097272679,17.3932288534559,41.6076874361529,43.950208161304,53.0863343645427,46.1795891883422,47.8138914272512,42.8911618081024,62.6135702016314,138.530359298612,108.941029536059,61.3547367327849,38.0109512549246,65.001648711555,49.5018677666853,59.483943711824,41.0120251490144,43.0790651982298,102.270762751891,59.1579542210658,43.0943496101516,39.8335844309,53.9796662369088,53.3238991716532,53.1541991997105,64.819194925812,44.7631661689476,32.8716703307907,36.4248778717526,52.8825058033578,95.7784170176468,42.3954340154815,163.742503547465,47.9437932328319,48.8554677719489,73.910976347669,62.7594102480977,44.1194873588144,58.9904612500547,55.4924442388234,64.30066692599,158.872498678139,39.7625249677111,81.6116890278304,33.3713728210152,100.602404127288,74.4729943518589,133.981482487178,30.2146376812368,38.8176119724809,34.394349052495,61.7473497016965,62.9341444751359,55.6227923460614,42.4367911580281,51.4001088689277,52.3932131716955,44.8547409806481,38.8178162560927,27.7287639522796,100.103633688287,16.9319208411262,78.1947709998201,71.5545258309258,54.6647886221646,32.1852510106882,61.848903030584,45.6999180790426,63.0527266169149,62.2391744587429,48.0258953156066,38.5535132656234,13.258967045781,73.1073855433802,111.283116545343,61.9144349707617,64.8897676414608,53.0583700845614,57.7267557658614,39.3762893200631,30.3913261047662
120.987159927192,42.2260131888523,121.514205077202,96.4703997827307,124.176521049419,123.08297270769,126.90921036804,123.019654891517,121.728460405848,88.8251697514504,0,114.750683404886,41.6725454496667,111.887390013121,69.7765895250858,126.485577793686,88.2040630778,120.559364389022,47.585395125989,109.311510975931,79.3527128516687,118.370995845683,125.045423257097,50.649950264917,124.861284685879,95.3975275876417,76.8722505558359,56.1377416458347,59.7285955868802,41.4206732203958,115.253867708518,113.697407407678,123.257176485523,105.110531716637,125.663881512799,75.2743512358267,128.569263314067,40.1239468542922,121.176821765417,125.981838118316,65.7482482428823,99.3729329538945,112.474355725973,120.931406553102,34.2941906176508,53.0414797805749,65.3903085758444,71.9798594808459,122.951583540833,34.9505098313445,125.4865593699,94.5295327815393,124.803822674509,91.3995441976897,42.6328917185551,88.3746093042747,123.372188854336,121.891376782971,90.280782636753,47.6725655650381,89.274694128106,56.1084297494765,122.411725360464,71.0667171931419,55.9678175162831,60.682617742215,64.476140654316,114.618268141654,117.183970138951,119.705327490018,76.5788824829908,71.5403964884912,120.750128177709,109.868241548926,99.4516627722138,99.57275265269,124.645798509208,71.3456920409766,66.6407676789611,21.4435101060191,95.3582325047229,23.9697416839207,25.7624472260998,81.4402362861591,96.2655834802794,92.718094343708,117.887974860695,26.3181284546671,118.923391942253,122.057279179572,96.7548879319347,99.391422446494,38.2737482909542,40.5478431717283,120.367343569607,121.088527135167,110.761353063264,115.297810778598,64.2961412367402,96.2878448142891
43.2178011083419,91.751362376961,31.9599357632517,35.4926435050275,16.0679430800653,30.1924546228405,49.5934828432431,31.5827252033741,42.856031993163,39.8694610702355,114.750683404886,0,100.128435296985,36.2066539938885,54.7371499045004,30.5131984756394,62.5748735994073,28.6728109387462,81.3363914320179,30.4780346640087,42.9046938659829,24.0189152780687,25.8014552662023,78.6648285356351,23.0161862632714,40.8295884301214,56.6438295810138,90.0331357018104,160.397384472001,128.364358040593,42.8818953217507,20.1301286630921,54.9957701223934,33.6097771519275,28.4300318478795,49.9157710646916,34.2915870291693,133.961050987081,43.6825664140691,30.535717214748,62.6861714050868,64.8421012943989,25.7164975203731,34.1258060710077,95.041406530892,73.7380513374676,51.7823829829934,67.542425138971,37.6327603780407,119.544800657163,29.3331849536757,196.726729594393,23.6502053369782,65.0781113841415,107.09850351404,56.2018635550449,25.0909706759214,45.7678371969928,53.9132692879697,79.0901460899377,188.525200015499,68.0908126312064,70.9606527512087,46.2796055928761,130.480304661484,92.3303460080604,160.114225361797,18.7924402828902,21.182284902625,32.0391950350835,63.6586303642667,89.6541895652201,37.6675790528688,15.7498879749205,38.6620926872796,58.0637716128178,35.1382331395503,50.3724242574026,56.2780313547362,120.411165732006,30.1171871561649,104.457436591309,96.323226112013,52.4849226401423,35.3171618310663,55.0754780495498,41.3352781853159,89.9247705660082,48.1736811699397,46.4856289701777,43.3555099484291,35.3598593528227,89.6974959794506,136.458947551538,37.9510969252612,47.9885409185506,59.0203077093415,30.8308788213749,53.5096055650613,27.7051952901202
117.188137350557,24.6754067856055,107.988067562118,91.0152397794263,110.93689383955,106.973144831797,111.486427484981,106.59161481739,117.838533621004,65.3278563905878,41.6725454496667,100.128435296985,0,107.48109910649,49.3315078241979,105.928847251984,90.6008202177598,113.040799125369,55.2198768068412,97.8023960286915,61.5737258076759,102.470116558346,107.488375745664,37.3530078580408,108.775882623976,90.3547627247421,68.7920544872788,47.59038234118,88.9128643774919,67.5992497599901,108.259269102276,98.5528294555939,113.217045939488,98.4186340007645,116.487512174951,66.6191145884897,107.143492373559,43.0706617735039,111.435580595515,106.316638571609,53.955402658764,85.3052054387673,105.755459854183,109.645941970191,23.6223238485393,37.9490613399334,54.0687735396873,48.6913755876054,108.973593444993,52.7385811984004,105.762777642779,100.15403403539,109.830010351681,77.377465812832,21.3651048701732,89.0684488512962,106.951269562954,110.887375918073,88.5310598770918,56.360217066391,100.419451612013,38.3156739816366,117.104251554452,62.329124565692,50.8638866874811,62.8485921923298,77.9845308702607,94.7430264439067,100.806369484956,97.241463160732,78.9003548602434,50.8955996357911,110.38598453587,99.0606789253116,95.8848414731157,87.1537021837962,106.196953270411,62.0622771445956,50.8336228161186,60.0627632646902,75.5164092847364,36.366970287421,37.6964546181234,83.636223573228,82.2349440668891,94.431234478702,100.122948428349,30.1493623711427,109.6957690512,101.250430511057,82.0500857014092,75.9109792192375,51.7871656466819,60.3936175362556,114.276028268982,114.293281923996,95.42448093914,109.814492422045,59.002974395263,83.9013965082702
28.4781559582674,100.42441457033,29.922584189891,18.3417540354447,31.5357980740263,36.0566461444513,60.5346084960169,37.2128195622617,20.0792178383656,57.9140697583487,111.887390013121,36.2066539938885,107.48109910649,0,64.2535467896815,49.4795281245265,63.2250967522265,18.7280068637903,82.6243301053457,23.1539359567008,50.3324313093542,34.3298254642194,39.8130656401896,89.5809876928356,35.8758029933335,24.7496571015025,51.2382043585806,89.2454909279223,159.755927450613,129.369413165248,47.6181818472982,37.780734200655,43.3548123779372,13.8990784146115,28.2044377528318,56.6654913070081,52.7062064943619,137.945092193729,29.9416186282929,49.7222976217841,64.7645761822859,69.3869034464567,19.0766506091565,24.9214515845495,100.634481474855,77.5458775674582,57.2957091371196,79.3972430038664,46.3838982386752,121.738578628411,45.21919772942,202.05135341664,34.9054637082486,64.6294078407058,116.65309699035,60.5079990861883,36.5108696985535,41.1601931402434,34.1408705546026,75.0686273828509,192.914126796993,78.6622703578835,78.534160605896,50.3308643209582,140.451366227306,96.3905699266755,165.603620629889,44.5661668410567,33.5011459127082,52.793856913709,69.3817085568677,107.314466027462,25.8203143697718,23.5509167063841,13.0386781269886,65.8801983398172,44.2042305513445,62.3002650049581,58.9088469241307,115.317772388142,53.7317119317146,103.707687905163,95.659196712221,35.6334384907437,37.3487034691813,32.6095045338673,50.1088820463968,90.1461176954649,43.4831369450317,59.7422089550629,51.352423950986,58.3561696329635,90.2023759722528,140.025660351744,17.2587291787117,30.4747887502671,57.460491208435,9.82016742674612,57.3324516218565,29.507227095088
77.909459993306,44.6667375845087,63.8476513051642,50.057733212721,63.4190577956169,61.6304782383509,78.9095028350798,62.2462947989318,77.3646353521432,22.6916101562197,69.7765895250858,54.7371499045004,49.3315078241979,64.2535467896815,0,61.1457039458529,68.6627194606449,68.8991340436342,53.431447908512,53.6140207271631,19.2702897256552,58.700564612446,60.3204540662867,37.3069209267604,60.9551949162597,53.1141428341383,43.1973273090695,55.2803706345219,122.366885163485,93.8931439903428,73.3740238137314,54.8669437440692,77.4192598400456,56.8252817119235,68.6848458797434,31.6393670606472,61.2848234690056,87.2381946395603,71.0563375168895,61.9105294084947,36.0962041862865,64.6056657614125,62.4242937200086,65.9035755644386,49.5641571155907,35.6986843000943,22.6130821344834,36.8374464563125,69.2833956494736,75.5891227586583,61.0210200202867,146.08750642327,61.6336885675672,55.814121569298,59.3128925748613,64.7257148449644,60.5986860694064,72.84402501375,57.1156231809989,53.3324187052715,144.681400440224,22.3968068901461,92.3626570834495,23.9576984997437,88.3962040206113,68.8552576762111,115.965492836576,49.2979500491128,55.0284506890481,55.0750584280988,59.431315142273,59.1089167550129,67.9606885380035,54.2703861659836,54.9546968721379,63.2934083023366,62.1274670560715,30.9407839972425,18.4683003283583,82.2913130783111,32.8775816752915,57.6586785362413,51.242494427616,52.7940300665461,43.6751959498034,63.2607066084787,63.3464245287776,43.9975807531293,75.2967995567669,67.1129804245448,51.0489045101762,32.1187228350416,58.6957476499389,92.5395580570716,72.084613094948,75.6043153921682,65.2536637189704,66.1246694442108,33.4961230582289,39.7131671806395
53.9184428134672,103.560847971049,25.6052924816047,47.5579219520435,30.4201775271499,16.075597316411,47.3607132832942,17.5344039693512,54.8610149091049,42.0692364444967,126.485577793686,30.5131984756394,105.928847251984,49.4795281245265,61.1457039458529,0,79.9064329401928,40.7359055170571,99.8321248791334,31.4560380591329,49.4466332351936,20.5290802587587,13.8770826773152,93.0719569674936,20.1357882028277,50.8364091719858,62.2586350841853,92.3956186487103,175.310277576561,145.090927179116,54.397510834467,22.9980776644319,48.4655927353024,46.0242540212207,43.7763911880091,69.5755661347576,10.7307826840685,141.22809654169,40.0067416367464,7.45695961210356,68.7925373179254,62.2121938558545,47.2541732474885,31.2956809891871,103.684512519334,80.0481054118439,67.1464284883085,68.3276465623132,31.5435995280474,134.71816035995,8.52882708963548,204.685103464942,25.2928658546984,59.8950746005743,114.188021950384,77.5228604244727,13.8572142519614,41.1026441580696,62.4866523703231,95.2549184495349,196.977092806519,79.4305540328244,79.4467023962689,63.0706009568062,138.743900757692,102.761954942254,174.545190224333,18.5424663886264,17.3627131339139,12.7912099725026,84.0082855320176,96.903116653035,35.1157860504621,35.0823571013653,51.9441582193886,59.519607293854,12.5772926330949,69.7977739161882,61.639088808582,135.637070990043,37.447736712977,117.129963179535,109.892571435685,67.4436661844043,38.594159325183,67.4142425642203,30.9924850995046,101.332630885102,50.7540944239317,33.5952826245949,46.1085209644052,34.4923095874665,107.963809371749,151.06314390213,45.5799593092306,48.2846294256642,47.8243291516602,46.2608725320665,68.5786625953743,38.1279988777076
52.0034527516203,84.8406083468714,70.6758934013961,51.626947279321,72.6770381949123,75.1380418590212,61.1814552243715,74.432736883472,62.3757024821807,66.6084968674325,88.2040630778,62.5748735994073,90.6008202177598,63.2250967522265,68.6627194606449,79.9064329401928,0,60.1594507266483,56.4465528890507,63.4340789832374,62.0238513819822,67.3254474354991,79.5352757322449,72.3575605992579,79.0613972141863,48.1179255193045,49.4833605667207,66.2176701552363,117.260465288093,88.3931820602095,36.6178986576646,57.7390443357632,69.7428339752042,58.2080046825469,77.0760028223648,66.1948946677619,86.3561766898768,105.034723273722,67.6891269154389,76.0375210010887,49.9733108658074,52.5810448634993,57.9061886738792,68.9399601366346,73.1594589413164,59.0030050331017,57.8633359252594,59.9983406789943,59.1416501931545,101.544889874695,79.7601726158004,173.691363829537,78.153731487676,58.6053622557324,89.575130420849,16.7788819357055,74.243704242059,61.5943014601708,51.6851105944929,50.7563967349568,150.187811239829,68.8924820562088,39.5087308506034,57.0311864748996,100.46932307933,46.3971154358241,136.04534712482,71.6258381768313,70.1603186921399,76.2835867615494,23.6291477018724,70.861462793172,67.3743758988309,56.470450013245,56.5451310649133,41.0312291979251,78.2005841620368,54.6507481978612,61.5702620603291,85.5948906385965,58.3716044164477,90.5505515727193,81.4316635850829,41.1213899540206,55.0583032873339,47.3176607874442,66.0625986480028,72.8068304572828,55.18116561622,71.9246157022495,46.3340350368592,70.1190045554495,62.4348421683462,110.500321332623,61.6482627928803,62.9286651865283,68.3491080169718,59.6596841156535,37.3111951825674,58.6242952673286
19.5755087263403,106.670074572127,22.9688385769352,26.2497676696007,24.3468953276866,29.3417664389859,48.505326144658,30.5460609027587,21.2540189346753,57.6841993680505,120.559364389022,28.6728109387462,113.040799125369,18.7280068637903,68.8991340436342,40.7359055170571,60.1594507266483,0,88.0875005005604,23.277114585898,54.5001674274451,26.3957284851014,33.2523672468653,94.2482785301821,30.6238088167107,30.4287991636275,54.9788695240152,92.8390240274269,165.910096267041,135.231367775538,35.7132489262835,27.006495008366,38.9628667836342,21.8656188734926,27.6673423839602,63.7455622402005,45.5917639413136,143.049825636913,26.4081939661845,39.3991775740513,67.128149372498,64.1396045441402,18.1622746624426,19.9974311720905,105.001752255456,81.3885513956361,63.8375683515066,78.635491860761,33.0604028919789,130.199975730426,37.6745122145283,208.973262892066,28.704428504096,63.4494982540043,120.447100552666,58.4668166011474,28.3859996399411,31.3112941233866,42.5887872935848,82.0343126618207,197.145482938477,83.4680500188629,66.8943127296061,57.0924149940718,142.581246300958,96.508851545968,172.838814627894,38.4265016265052,27.5886205196656,44.990511336281,68.7710542522595,105.150355051051,21.07961213828,19.0373770575836,26.6105155148881,58.7080486532431,37.0658220102968,65.9714351297294,64.2343943826143,124.005980661721,49.8463801404702,113.389275755312,104.835484442474,44.0979229044283,37.7282711734182,40.8641550918189,41.6856449594084,97.9567710049308,35.8191978660451,50.883473410589,46.9531883331923,55.2033719187601,97.2967445593358,147.106997587639,13.4302337802069,26.670133779861,53.3840096503755,12.01507624489,60.5621206296999,32.500609270038
89.1689133207218,43.3572485981682,93.2777373493429,68.8531910572378,91.9780723058173,96.6300159077304,96.0690733934721,96.1213195943789,90.3431928644913,66.4270003217908,47.585395125989,81.3363914320179,55.2198768068412,82.6243301053457,53.431447908512,99.8321248791334,56.4465528890507,88.0875005005604,0,82.51354627091,56.7559786445857,89.1529181399772,97.6521804555598,37.1643715080137,96.4897466918929,68.3825322758452,54.3176821526676,56.4311238282319,85.2811982378918,54.5058679088661,81.4016697646449,83.6375606979438,98.5674108071349,75.146015504301,94.3344646364128,46.1264942093953,102.524110794412,70.901897169021,94.915309852371,99.1685361923224,44.9622553856235,78.2975225574087,77.7006006167388,93.5743751667261,40.6839467396191,42.4378412767665,39.9824016751332,59.5127187186534,94.4097033893479,55.8866965066192,98.3739569688077,131.335934494585,94.0903053367554,75.799544459126,57.4118219057373,52.427392247772,95.5319917099915,93.3426963519375,66.5968691424503,23.0241464329781,120.197259916275,43.0254554969817,91.4725086972499,43.658564232535,72.8738827311563,49.718001763477,91.0159697026632,85.6933410116368,88.825036952479,93.2822201492156,43.3125282164699,62.1413444770879,93.6018015060673,77.0330830128272,71.9144412664663,74.6268231669333,99.370262830934,42.6780515399968,49.9872668958046,46.8059878987704,68.3360126867716,43.8848901393613,36.6863094212978,54.3007928076195,70.0435127087506,66.6260011262954,90.8430264800676,33.8264616048813,88.5802386066318,95.8530397858259,69.994082062718,75.4223100080737,21.1686863874541,67.2019836136841,90.4493973322933,94.0321570993794,90.116521766072,83.9571631829739,37.200482952385,68.5081000684477
33.8941480438379,94.4555162386876,13.8449850466299,18.8788364833637,29.4856302570399,18.529568390252,47.8096216503483,18.2582018100868,31.4830335110675,42.6888097272679,109.311510975931,30.4780346640087,97.8023960286915,23.1539359567008,53.6140207271631,31.4560380591329,63.4340789832374,23.277114585898,82.51354627091,0,38.5048385270811,18.0434961707072,26.1576818616563,84.5982835481823,26.0820741513382,22.4396037348141,41.6833665819401,78.2543788214756,158.839907987402,128.880041757238,43.6776694482839,23.1274849614182,32.918008397473,17.982312204884,35.5545255359813,57.0117584169922,35.5832796347903,130.026781181314,20.1440473315667,31.8643973363489,53.9200592890737,54.5769593221034,28.5768616943892,13.1270938407128,92.4779243758529,67.3442888359512,53.140506295977,64.37785365977,31.6836191243749,121.071314146159,27.8515349244877,195.731279679692,27.0139669903214,48.4885734906094,107.243735285668,62.0085830236343,21.0000851381841,28.6280943782781,33.6471851960785,74.7162043731999,186.164618556921,71.5471611202957,73.4589454870911,47.9590247763462,131.715466662984,89.7937447252454,163.24909896815,30.0609486364036,17.2895597754106,33.0412249272482,69.6579553648261,96.2044685791804,15.3565212947731,19.8866467366463,22.622329480936,52.6857343606654,24.1999861328164,59.8959109030343,48.1606547335935,115.932802337276,40.217744247051,101.439479026263,93.8298902776557,39.7389112945892,21.3755266056808,38.3434662177875,31.1243480714548,85.8611172322984,35.7765333631639,40.713033369372,36.5310279673061,42.3640952506806,90.5401942708416,138.190544384709,22.3345159165295,26.5664811396718,39.173008844348,23.5199889764948,52.7363906311163,20.3275711280802
62.9441593717504,58.1115981557517,48.1890942425611,35.8723291226249,51.5205191911961,47.78037659042,63.4650900495757,47.4771564098173,61.9305322943502,17.3932288534559,79.3527128516687,42.9046938659829,61.5737258076759,50.3324313093542,19.2702897256552,49.4466332351936,62.0238513819822,54.5001674274451,56.7559786445857,38.5048385270811,0,42.7162625929572,48.2275618070921,50.3453179647256,49.1942506496285,37.9126364121621,30.8283847374387,55.000048959737,131.451795956281,101.680884980187,60.6978194661971,41.7291157991497,60.3526671157971,40.7788220977748,58.4200535971325,33.3332332323072,51.0906864079908,97.4675904657027,54.7219077283628,50.8810931975199,30.6849513739424,52.8002814226104,48.1803453356149,50.3779043970811,59.8408385880718,37.0522836678279,21.9613498962526,38.3533550049781,56.0106283866012,89.2570229046791,47.449792030361,160.20670842338,49.9260779149853,44.7230943898917,72.4446614635512,58.5573718319746,47.3941573431602,56.7946806872279,42.60310614927,51.8150421101777,155.079975302157,37.3166937002104,82.9435476168761,22.9069873427682,99.7033383973122,70.4221572475417,129.141391537038,37.1046601772665,40.6894096238904,42.5543368757434,58.1727189808335,67.8594925088446,52.0519062151705,40.3751346395031,41.2178267925225,52.8921047600872,48.751767647704,36.0487667632434,15.3723261531602,89.7025553007533,27.7084266399446,68.8068963415128,62.1082433601066,41.729554806272,26.2311779219169,49.3751982622089,47.2691814385912,53.7658962879173,58.201903399732,52.0305587773025,36.9873856022769,28.1834391564716,63.5333972903982,105.817052729804,56.6155216582181,59.3745236568144,50.498190188281,52.3187971568671,31.7878856003545,23.7458969849192
37.6635560542156,99.1826218378784,12.9366847832136,32.1846642123302,25.4599174148092,13.7393662469223,37.8078504197345,11.8980250894254,37.98874362457,41.6076874361529,118.370995845683,24.0189152780687,102.470116558346,34.3298254642194,58.700564612446,20.5290802587587,67.3254474354991,26.3957284851014,89.1529181399772,18.0434961707072,42.7162625929572,0,19.1288963656701,88.6094412454984,21.7511748409547,34.0345603538505,49.2971206636798,84.2883239542465,166.501269669076,135.766784676595,41.9202513918359,15.8515243957967,34.3881891276494,28.2712446090389,38.136809218525,62.3923874512593,26.9293295961164,135.708177349952,25.5139306614376,21.9308759453847,59.4428097007742,52.9217295435592,31.3169778045217,17.881957737412,98.1793502891034,72.3411098934621,58.4786153680092,65.562849616114,25.9268244767675,128.967646247525,15.6171113988309,201.59675318662,24.3141577300221,51.5226096256432,111.323992115935,65.1546662528428,13.5585242217617,27.8633859079009,45.5926184871277,82.2147958260492,191.465430847358,76.2317639268574,70.5718999901209,54.8232673012874,135.184777758012,94.1759653804694,169.24131730384,19.7190714453862,9.58647790574425,20.7661399234886,73.7443625867752,95.7893785656177,20.7320352300266,21.3627182731226,36.3111455921543,50.987406213051,17.1022864106145,64.1673594824847,54.7619697058826,125.473376538422,37.6466156369203,109.902466660727,102.364237509428,51.5984077039343,24.7628928825427,49.5959404600786,22.2401474781276,93.9064200444363,33.9627325344668,29.5163814842831,35.1447635212909,38.8449502383116,97.4944354010553,145.245950841383,29.3251668331426,32.58955319345,39.3964223290032,31.4086224092838,59.0027839725914,25.4660919938006
