"070202088801001003","070202088801001013","070202088801001018","070202088801001028","070202088801001033","070202088801001048","070202088801001063","070202088801001078","070202088801001093","070202088801001108","070202088801001123","070202088801001138","070302088800501001","070302088800501013","070302088800501019","070302088800501031","070302088800501037","070302088800501055","070302088800501073","070302088800501091","070302088800501109","070302088800501127","070302088800501145","070302088800501163","070502088801705001","070502088801705019","070502088801705031","070502088801705055","070502088801705073","070502088801705091","070502088801705109","070502088801705127","070502088801705145","070502088801705163","070602088801501003","070602088801501015","070602088801501021","070602088801501033","070602088801501039","070602088801501057","070602088801501075","070602088801501093","070602088801501111","070602088801501129","070602088801501147","070602088801501165","070702088802904001","070702088802904022","070702088802904032","070702088802904045","070702088802904066","070702088802904087","070702088802904108","070702088802904129","070702088802904150","070702088802904171","070702088802904192","070702088802904231","070902088800503002","070902088800503012","070902088800503017","070902088800503027","070902088800503032","070902088800503047","070902088800503062","070902088800503077","070902088800503092","070902088800503107","070902088800503122","070902088800503137","071702088800803003","071702088800803011","071702088800803015","071702088800803023","071702088800803039","071702088800803051","071702088800803063","071702088800803075","071702088800803087","071702088800803099","071702088800803111","072002088803802002","072002088803802014","072002088803802020","072002088803802032","072002088803802038","072002088803802056","072002088803802074","072002088803802092","072002088803802110","072002088803802128","072002088803802146","072002088803802164","synthesized1","synthesized2","synthesized3","synthesized4","synthesized5","synthesized6","synthesized7"
0,39.5738897520109,52.456955701284,14.8269971580975,42.3649271927137,44.4795890505632,42.4569887535643,54.167582567415,54.4726603678067,62.8219776360267,42.9811728748138,42.0310520978576,178.21049405023,50.5393976670888,57.0774920662799,120.524141272993,97.6663196882319,99.3919628336926,105.774904415293,118.996298981074,69.2798107096345,114.097661203802,74.5071971098312,92.7125657603714,54.4607393199767,42.899736664606,41.6092241488167,47.913371170902,24.6687070194238,41.8176854435831,40.1197784678041,41.8442443736164,46.4182815924542,32.6846364971944,57.0444242142351,35.8843062744722,56.9379334750364,41.9722053297617,60.5642622926688,34.4511947130776,17.4292709881712,45.2943448810508,56.908430471959,56.9277804077878,47.5683233191618,66.3136447120291,62.6531469895471,64.2460133647172,50.7625752056886,39.7105938252143,238.75857885617,83.1007073555243,101.673038314803,52.8931719991509,66.9971879946127,83.4373741281449,53.4633005117221,39.4296449032424,94.1615096775028,55.9810845593447,144.711241428715,57.0366840010133,151.101557664079,72.2873462403622,91.2805723834025,77.6992864459886,81.8038010590087,56.2556294680074,51.1518013400429,71.1021488052816,67.1907083967604,32.0557786425333,51.9790408452024,47.4511663436979,31.8787967081404,70.2044821803038,49.9652915016531,52.9043141184709,24.0678565604466,32.8128906842245,41.1801088880926,23.83910890559,47.1781185143475,50.5591071379538,25.968961933868,26.8401792553348,56.6458532666586,48.4611216930376,21.8237606127716,20.6853851651357,59.3195933374469,58.0398426783139,48.944379491418,36.2104335872823,62.6953275689064,98.2321321508509,228.418213207824,53.7842463900959,105.871517980947,3242.15603127006
39.5738897520109,0,58.8960161929017,32.8085151011633,35.1567892729386,44.1511474738864,27.0129795536518,22.5344421722984,41.8211407452752,41.7819035778654,44.428924956435,43.6489817206809,162.596760860934,41.6309044771068,58.7594525067881,103.405550819747,81.026803805389,76.2516646257965,96.2688269245185,97.9199556250371,50.2700431747497,87.0764317401209,54.4718682988251,63.6664460174581,20.1365776096108,25.6794355855349,20.6054344451268,23.1065793453352,28.4330552349289,30.7011021088331,47.6221519039636,24.5267008392282,24.14452859651,34.6902360445646,38.825217585942,27.4527314562597,47.1634672393737,47.8308076439714,48.1089755575739,47.2800615005297,48.2442763021074,61.5507823979165,50.0037821182455,35.8180493324699,47.4542001471322,36.8921289568181,38.4525052192267,35.4822248171469,54.3208255812165,13.6950422043201,217.336003688958,67.4939127344836,87.9774809194483,38.7596124531296,54.5437055544048,53.3168787267007,47.4909596689102,56.6670249317127,75.2731055449428,33.2762204806734,140.523607992045,46.8605613290499,135.151138629209,47.7485017940484,85.9940938688828,54.7372535879996,70.7213655431357,33.789467064995,30.0125198909129,52.6279051229294,57.5207684461788,54.5848886444841,51.1015274046088,54.8862630722836,37.7440875329695,82.753714890983,47.6953375562296,39.1184791975676,47.2782347314892,53.2744105513846,59.739893544298,38.6585595648725,16.9147133035814,38.6459743908608,17.0188763698548,39.2087292131389,40.1012501134365,13.9884772404639,48.6594963315327,45.7572477661357,60.8224785528025,34.9776399436256,40.6561985592792,39.1715627709582,55.333884212781,71.5528147519219,231.335193490776,47.7613510938242,85.5074332564901,3246.79311901669
52.456955701284,58.8960161929017,0,54.6648572777682,31.9401018921271,36.8727015976785,63.2336894816724,51.6577584464412,60.8861789126406,64.5017322196691,48.8264164273945,47.5437953168539,180.491050722312,74.1469412562835,70.8925101408467,115.753249551569,106.401696592244,89.0631493316593,104.30012484464,122.265014108409,81.4271388693785,104.158635513599,67.854278979863,82.3683124744555,57.5745714623098,48.2479590448299,50.1862920433898,53.4541535090981,58.0984336290564,39.513512768467,47.8180239270772,71.384360384192,49.2733767331964,38.647237603256,77.0135123847233,71.2528844615348,49.1938537393372,29.2161259250026,51.9315386783125,46.4176100710196,45.139037941962,48.74665244652,43.5975650679278,75.745279767271,34.0171351878268,80.2436813374937,86.9458112642671,65.5460094514647,48.7373865606541,54.8440431796323,235.47566017892,66.4362783948425,89.2054487986035,55.2888924898042,78.1978202909528,76.8384537443696,79.5936122044484,52.3362451210003,97.5796209575594,42.5777593102038,121.406421153556,60.5492885140042,136.94913970014,78.9750377363703,97.0768194267984,78.7181298656709,87.2201791987451,47.2661329821852,50.8475810500235,86.0155889409633,46.7952093457346,58.5046070107646,50.0182609441525,39.4880928249702,64.6588623031927,39.9674458395743,35.0672401364525,62.1951951060163,61.1356778721332,55.1142855674144,36.0640520233901,36.7702850243667,52.7597482627459,47.4595891868451,49.0449166557216,45.4283019052845,52.815977255243,61.032259101821,49.421442925174,54.5470012723921,24.7674791475999,52.1311880263408,55.3650087705416,66.1070198302636,63.6698065727172,101.047046704168,209.506827349349,45.9039171218399,103.606738333084,3219.3373021715
14.8269971580975,32.8085151011633,54.6648572777682,0,41.0765203364438,45.7290006424131,42.4349208486204,47.8114027872657,58.6419862979598,50.5322453604354,41.9599376541052,32.1137846749078,164.307135361509,36.0587857924266,46.2756722498889,107.464471428966,83.5014353114814,87.0474293192083,92.8551459388688,104.834944282598,55.4389191933112,101.838949459025,62.9725821727924,81.7685711142386,46.9208776262134,43.4892503778398,36.6305834718583,38.093231074938,13.0854476124045,39.4950737603761,47.800143304695,40.5552069917375,43.3804185006682,29.5681673042555,43.862882835878,36.4055454547206,51.9388095281443,48.049171418513,62.9556054264518,38.13402922105,28.6274186989496,53.7660440018832,61.7454326598062,44.2737413832299,50.2849138516544,53.96448082774,49.6776291551978,53.8894921044284,56.8851464168063,32.2215984972043,224.816632063322,73.1125692476732,93.1622352336453,41.7638311737173,53.9246543167881,72.0068218915844,39.9168611843776,48.3452036386391,81.7124185042871,49.0173728077222,141.111442825659,44.9109000458952,139.228569926632,59.2029813141623,78.1872753488449,65.4618285277419,69.3192528642739,47.3719481014034,47.3537108387194,57.6206730860783,70.3794735120776,43.1057127327579,57.2523394701019,54.0426738073094,38.9699393692288,75.8567264811297,54.9998443383876,56.9938683049057,34.7982116528225,42.6158453480305,49.3299109525692,23.1802305772247,40.5291199643196,54.075863795158,22.7768959393364,34.6560089403839,45.9404184788198,43.6954417817481,28.5724005920247,29.6783186714979,64.458300928425,58.1672245505782,54.0108777814335,22.6571425833511,51.5351511888331,85.0847108411867,229.846532066163,58.8871797359251,92.2922138818329,3242.16206769745
42.3649271927137,35.1567892729386,31.9401018921271,41.0765203364438,0,18.1130374935876,48.6165061658058,28.851523183344,46.1088451123408,48.5655215813257,50.9527480518786,36.0917048741744,170.991236415238,56.7127905118818,56.4410753410657,109.923818535852,94.4140839993648,80.4906544434796,95.511961198568,109.923292975022,67.1588518298263,91.1461678832814,59.9622087303117,64.3139618616351,31.9707823028649,30.0855428487903,21.0602871775548,29.2169573469738,39.9404021530198,12.0915947624751,34.9805230327375,51.942952545219,21.6091741266564,17.5652055277116,53.163213881005,48.7970398634666,25.4264410489407,29.3169942080645,33.289226217099,28.2997371121001,39.7308977584001,39.7564365754292,36.1687375159896,51.0279974623162,17.7221380266803,58.5563714651521,64.2579409244155,40.9006077104907,36.0666316011549,28.9990883981369,223.477236662027,61.5960686780147,93.7894325183952,36.0092369114999,59.5371779808527,59.484349692521,60.247334903246,41.167859894548,89.8638612485291,29.5544790889297,139.700217962591,45.5415367771204,137.423773408833,63.3999968640161,89.3771723739523,58.0046757562329,80.7771317245991,32.5826071688863,31.2729606499469,70.964455688793,51.2489975968062,46.881675985793,34.4279340923799,30.258572251251,51.9078489788408,66.114263196511,34.4087888597515,44.9103763534264,46.8059214548704,42.7821299515634,49.8485787897556,27.8358047038178,26.0787090850262,32.087026736674,31.2997808584845,40.2994012690795,35.4731821967685,36.8545336187124,39.8322332797802,41.0814933484425,36.1389106845891,36.841276668888,42.0426561375424,52.8229617617009,50.7346392279752,80.1349050144946,231.28104200596,35.6185965383987,92.2187827328615,3244.2787828371
44.4795890505632,44.1511474738864,36.8727015976785,45.7290006424131,18.1130374935876,0,57.6454951022221,39.801893377151,45.940119518392,62.0473945836859,62.3785393245028,44.7092143731967,182.089143901499,64.8082475977684,60.8401637855802,122.871452447005,105.427591754272,92.5493287922077,103.797248231751,121.113132665952,79.1673512651173,102.90416378662,73.9316994285769,74.2075369347315,41.9727961511953,36.2590806108006,28.7248474472724,41.6908652286181,46.5111804659076,16.9415950595808,26.3234751142,57.3746636485599,26.3162980517459,21.8057498417954,61.2992770497377,50.7138747489242,27.5608676139929,27.2648647746932,27.2935424171916,23.5793246883493,39.1132157919237,29.1906352402945,34.5051878787445,59.5743122041675,10.4810657007684,67.6073988263573,73.9284065266784,49.7453756714308,22.9092198004346,38.206766282152,233.222950264458,75.28199125311,108.585236032749,46.8833131081937,68.1909174062862,71.1889026539431,67.5734443100506,30.3327320164483,103.926475974566,42.3075095504614,151.616248649685,56.1332814281874,150.435841212965,76.5137162708444,98.6556520425779,67.7297190381032,94.2576170591709,46.6716709585207,35.7200816293191,83.548712176549,59.7725200725703,40.3430889196388,23.1339126400604,20.0933301431746,54.2398077791811,72.7558692171165,38.3489170856633,45.4150463583881,42.6560628371898,34.3316699828837,53.9949930048694,36.6740273656639,36.02588773214,33.0864098319164,40.129370200606,44.0707418854342,46.5709509856575,43.4801004331563,33.5561839389291,37.0019690667542,39.1065004394057,42.9150811161239,41.281980536686,60.9575772281459,60.3725988151444,89.1279104561213,241.243169761859,32.6827838766394,103.579744543303,3254.16585699034
42.4569887535643,27.0129795536518,63.2336894816724,42.4349208486204,48.6165061658058,57.6454951022221,0,40.6170832140535,37.3668689819928,60.8226892489005,36.9462559317279,61.2986827155073,179.142682568479,60.6978697511536,77.6817506008197,117.487578105785,96.9143912294427,92.6219881868336,116.19132267134,114.716369359473,66.2029287352846,104.552072720874,68.1439564629671,84.7286187692521,42.0480469504507,28.5901057840921,41.3891282996786,45.8453609647437,43.4615689044014,47.6663088048507,51.4101704254398,20.4594189891386,42.0096193171787,51.3844160729711,62.1917086612685,30.7489539413655,68.2324091927925,49.0145286513179,56.6425495408186,58.8708956003018,50.8061344465676,67.5301701293156,50.0264359724786,59.0036896620238,58.0354615109123,56.0997548109081,56.5817955141935,59.953071101037,61.2161049780332,35.6677561865883,236.131905216917,81.818875335658,89.8831860550592,60.9456802434101,77.0193617622279,73.0878727217533,67.3640536656493,62.4888619309838,84.9198661641208,47.9850595586577,134.704771730535,67.584770020122,146.893566854628,64.4025468554265,103.574801100955,77.9164389792604,82.2801245405212,51.275177263153,42.3203221101678,66.8299089982934,46.4853108267647,56.4028686608658,58.3000741316518,61.0030480620122,25.212222727256,74.8512063188879,43.815891363523,34.3928758299705,49.1712371124103,58.0093338503751,51.5538913378462,46.9831519394455,39.1233718491296,39.5524557155978,25.179089983538,32.5153931217755,62.0438109615699,30.9814795727368,56.509323197016,51.8236114160628,59.9886214759278,35.7705164363856,36.7729969185102,51.6470606095818,75.1396898917598,94.4523927495676,216.616136102822,47.5788166465031,103.900301299775,3234.82057463499
54.167582567415,22.5344421722984,51.6577584464412,47.8114027872657,28.851523183344,39.801893377151,40.6170832140535,0,43.6235541934309,38.0526445846099,50.1722033502888,45.3354106114703,160.095784599282,51.3467377523847,62.7164875623537,98.2688900919417,81.567693002044,65.8807554063022,92.4449433665046,94.8004932150598,53.4040790699616,75.9531949742866,47.7947781876936,49.5863841509949,8.20161663154149,26.5225409701736,20.2581847655723,19.8923649111487,43.1969232885831,25.4497700020796,50.9260518896532,42.0616358112073,18.5638573408468,36.1509114893977,45.4154858609794,45.842204749331,39.1655617351454,45.66959895579,40.3829209141025,51.8586457439749,58.0703876222327,63.9812337485548,44.0226415592052,42.2150500886705,42.0272607199219,39.0015303047517,48.7679503298529,26.5692427485698,53.1601264097244,22.6645806917467,211.003488556503,57.4118652112581,82.9621803932607,35.8161632867184,56.4042223744207,41.0002794638391,57.6761646531855,61.8913391448178,74.8795912922384,17.5009536475778,134.140114410938,45.5595431636832,126.966001674319,47.048085944749,86.7419718941276,48.7361957908978,72.2310238717146,22.4262031871007,23.124850582899,58.0312064261922,51.5331841138365,65.1458648826403,49.3506168600371,53.0070747184079,53.859007488279,79.9618169086364,43.5573319356459,42.6729273410789,60.8178265196816,61.8448542127758,63.3956783175906,44.9911698394828,12.9234024465036,35.4085797246445,31.8234645591743,48.4471792145417,32.8738489569352,18.8959349145693,57.614102805455,57.3195415118034,52.69327586849,27.164551964241,43.1825980587051,52.5222433977334,53.9292339551787,65.5015261565237,228.598670388355,43.7849611113414,79.8483445645136,3242.16646373133
54.4726603678067,41.8211407452752,60.8861789126406,58.6419862979598,46.1088451123408,45.940119518392,37.3668689819928,43.6235541934309,0,78.4339314023364,58.2514277293861,74.0211275265215,201.631310043373,81.3735764762875,91.7658268139619,139.234775003736,120.022380246944,107.797715443645,132.731732691636,135.643039227291,89.6233291648093,118.719584946916,87.6054417438354,91.8218721850732,46.8605593883661,21.4882741138228,41.9088231607088,56.8591298362613,59.4173264264155,41.6048084193077,32.3650709615756,35.7631863957473,34.8635757925182,52.7311335111518,77.9297555617819,37.4084633253791,65.0661377261622,35.382183827197,30.8345819273505,55.9385643346662,53.6299070316347,53.5066208442131,23.7700723976017,75.2513190845677,45.5166204139322,73.0012812963384,78.2471629199756,66.8598056708319,38.1338588751091,48.0619600672542,253.791692710429,97.4883915532776,113.385339732683,72.4693959117359,93.0395402219875,84.0893910608791,86.1239900854188,48.669626537046,111.349654164501,53.8971024999971,150.83905570515,82.1523258427623,167.067646245601,86.0365346964403,124.293888333977,90.0386666961355,107.944753813339,62.115836187472,40.2448639609959,93.1475608352969,45.7335631683727,51.397620879652,34.2562382338812,43.2586614197862,35.1938589203837,78.6489590298637,30.2946087990068,8.91281615324965,47.5683882049441,49.0870010879124,55.4633117063625,58.0973148559871,45.0422399308669,16.433154157766,42.0212637521292,36.5174735192005,71.5350707879191,33.7569220329344,55.8266813527358,50.8100188839025,47.6027375075107,23.2854684347756,7.44743228868893,75.0475383462147,90.0784136534544,106.541508422245,228.800510267921,21.713721038643,122.348434620249,3247.94986441505
62.8219776360267,41.7819035778654,64.5017322196691,50.5322453604354,48.5655215813257,62.0473945836859,60.8226892489005,38.0526445846099,78.4339314023364,0,55.9710879069679,32.5258402780556,124.8162404325,31.0538722746474,44.8073769708571,64.2962064784413,48.1748987006962,40.14193196353,58.8525723824806,62.9275223490059,23.2597554009573,53.1908656055622,20.6416950617002,38.706557191549,36.0368487688003,58.1230569982632,43.0410259053429,24.058950738584,43.3752092150105,49.0328646978282,78.0086455879435,63.0783016735287,49.7127229531956,47.0984090012682,29.4526569378093,66.4360253452851,47.7072273524053,71.2804384208486,74.3769481666281,65.3404007176523,70.1550060537131,84.2541451958485,77.5270812356132,29.1467786577899,65.0885576054315,32.1721197022931,35.3434312306826,27.6118046104434,81.4339793222034,37.8296114669176,180.912096800264,32.4303357285448,64.1121038528905,19.8561040449938,28.6695849551922,26.9921380531095,37.3034254922828,83.0061555141227,45.1430658830936,33.1074488284298,125.726375276558,19.1409925084263,96.5651562576981,18.0329797553779,50.9866432256683,26.2593610611077,38.0021441498423,22.3060958398055,50.9894312590314,28.3856860567249,76.7387052757064,83.7057261035352,79.3086638513892,77.6832615295069,75.3818830083156,90.042766120314,71.7419573905656,76.8932562705607,78.3269638417687,81.2398583368711,77.9002246555713,48.9435003145633,37.3515088232686,69.8081324725748,47.0840829876871,68.2159239008241,19.2668789673162,48.9593438031465,70.071164889566,71.9601425438596,76.5473573821502,63.2741365598103,76.6262766389236,39.3124616725787,28.5378426962355,43.3662996730373,228.357713380436,77.2216587057171,46.9869921874538,3232.94997743215
42.9811728748138,44.428924956435,48.8264164273945,41.9599376541052,50.9527480518786,62.3785393245028,36.9462559317279,50.1722033502888,58.2514277293861,55.9710879069679,0,51.8868931510563,169.161343302623,59.7511856367462,75.107897703344,103.795531171143,89.8335482788045,83.573511092064,105.830935965557,108.799838579385,60.8289284454294,102.362450818267,57.3962678333736,87.337379797495,54.3844861357226,43.3085178269125,52.450734547598,50.1415798217818,44.725454056941,53.0604569863895,61.4697954253482,47.2101728508567,54.8497727195489,51.1484715511588,67.9496260460198,55.9398374062862,71.4319969487993,48.2569305805753,70.8291433443211,64.3907350258367,47.734663610974,72.5838204330694,58.9150207189555,67.406849572625,62.3944128937776,65.7654301829457,65.6458018871664,67.258453279522,70.877501946978,49.6355008646894,231.292304222368,70.1266724172962,68.3976655756414,57.8972582652949,75.2631630793675,74.0208181318732,67.3711286999106,69.4206453469366,73.8420759661149,45.0542483342152,105.486056681262,60.4493610794086,128.734983516066,61.4812901395718,90.6307033718342,80.0621327495262,66.775139011601,46.8192275268819,54.356108651977,63.8792098477726,47.4069758700916,66.7113817335554,70.3396017412015,66.0031446110076,46.2024451880625,51.0675229139607,44.6661615761795,59.2271611356653,60.371004587066,66.3926228248416,34.1621867289471,38.7700098738284,51.4825580076949,54.3960646259297,34.548289966125,32.7941983831977,57.3803487631236,50.8213538849382,57.9519060006458,57.2660117201262,54.5543620176771,51.8664478196575,54.5039537391026,47.3981064541905,68.350582756748,97.8660046557227,190.52165692582,59.7530170438735,96.4085302052406,3206.00471231202
42.0310520978576,43.6489817206809,47.5437953168539,32.1137846749078,36.0917048741744,44.7092143731967,61.2986827155073,45.3354106114703,74.0211275265215,32.5258402780556,51.8868931510563,0,143.819453038583,31.5808633696327,30.1067594264431,86.6020421682383,68.9699568926757,66.0950733006626,67.2735896451457,87.3862494459645,45.6428980146117,80.1866357127061,45.011139731172,61.3762816503525,44.7858154996949,54.6837052077836,38.3945262495755,29.6984206453859,29.2249661961364,38.0706896571133,60.9960499100412,62.8049331398159,46.0055324032764,26.461761378126,36.44446979026,60.244388167416,35.8369079349401,55.7541509611279,66.7106645419354,42.0363179762273,46.243539961863,61.3249977501709,69.0447940665307,37.493911673576,48.5526507766152,51.287785164492,51.1185034898136,40.8525885781337,64.6606728350127,36.2710711964529,201.929903895108,47.8794270119317,81.228810817768,18.9869299024863,33.8819338470002,54.5344699185311,34.5647002139744,60.6269259756999,69.7359761177694,39.6299247358899,133.708907039968,19.0175865837351,116.661144431826,47.3257581245187,56.5315399432071,44.5426520912249,54.6669068344985,32.7335904778878,50.4183554293348,49.5454300866266,75.4748550898169,61.5688874637487,64.8747846999185,58.897973751915,65.6402322012953,76.5821882810947,62.6706889430138,72.7275503691988,58.3153129074282,58.7807572876411,60.9991042519288,26.4587920615029,39.7327833752936,63.5347813907732,38.9988140018429,54.6335144221007,23.0059162887318,52.794925913889,44.7761160525743,49.5016693911205,64.3838044799525,64.7497233802664,69.6005673705329,29.6430047954957,23.8032737338075,66.6963248198223,231.606619480166,68.076163689743,70.5233271039078,3237.64588310315
178.21049405023,162.596760860934,180.491050722312,164.307135361509,170.991236415238,182.089143901499,179.142682568479,160.095784599282,201.631310043373,124.8162404325,169.161343302623,143.819453038583,0,130.481225168676,134.70056693328,70.024942709861,85.2956649503764,101.999572547337,84.011565415329,68.7757496769601,114.572137020612,97.2815725561516,119.539957184741,123.641279666164,156.761495006581,181.941521370519,165.351719190634,147.211029633248,157.691979550091,171.529222364826,200.871800449224,179.712564406309,172.346110522183,166.769935327074,131.853144655261,183.438615535494,160.410969096638,194.268938400182,196.208000041305,182.168143460055,187.409304237751,203.134809848681,201.483259867597,134.251420498912,185.987518283792,133.632919076863,131.446982213533,140.571166447954,203.25095433692,158.985836287693,75.4805949235451,118.939418847844,126.270814174313,136.497386388813,118.536114367693,123.359917009927,130.587579605983,202.438817276546,100.383238549147,153.817485370947,177.436590150463,127.641989970997,73.45301682819,116.554655719383,91.1188859651323,118.720640772689,103.343432507332,144.23112216321,170.400813160623,113.466359440226,195.23743095916,202.021903515353,201.603305216575,199.205343926446,194.665576697806,199.166454282309,195.154800527403,199.911986686083,196.146128983278,200.056193650371,195.070246218096,166.641083982224,159.754693732604,194.134113978265,168.711649281204,189.540048994362,136.815360086619,169.440067012751,185.265380735444,189.086837361975,197.275135548722,185.624112586241,200.541521442161,143.47849091979,126.036980847739,104.469398753699,282.086196254608,201.1521146601,81.9945417098443,3219.94221054843
50.5393976670888,41.6309044771068,74.1469412562835,36.0587857924266,56.7127905118818,64.8082475977684,60.6978697511536,51.3467377523847,81.3735764762875,31.0538722746474,59.7511856367462,31.5808633696327,130.481225168676,0,32.2343994878576,78.5810380332224,50.5699801378937,62.6224055840976,63.578924651824,71.4013296457226,27.2013480030018,75.1492280539715,44.690804189243,61.6842971219122,47.1296222066014,63.3035415121381,47.2887492578212,34.979858695528,30.5274231196054,54.6445188694444,76.3863750248427,57.878765598924,55.7229197677654,47.1537203883091,20.236804270515,57.2759472124027,55.2898007332532,75.1386893849416,81.1166765391792,61.1552408346494,62.5800874046678,81.7923149761919,84.966364222125,22.8524330658989,70.4988062276972,34.1307582203882,26.9091303267007,41.0264801481039,81.9771446710876,38.2932478302524,190.190974545035,56.9411641705816,81.8176501814916,30.4428487635911,25.8922679900221,51.9772068665069,15.3271141168382,77.8165717604449,56.7935206491772,50.8960141022652,141.317394291895,27.2299576696589,113.72582133999,33.8777710584897,49.177370392475,40.8559552989329,45.3374360459886,43.1691487452673,56.9163318032772,28.9142237993746,89.1951495304099,74.5692616225562,80.9491546399976,79.9298923678738,67.8561771765838,98.8351604986443,79.778526277668,79.0724781959519,67.3064871766374,73.3996292067885,79.1548158074457,47.1789942236525,44.8489286577052,75.8653973935975,44.2555851974494,65.984175639275,35.6962292221161,52.6160364982478,59.1238348708161,61.7400468532507,87.5557286785398,73.3898935242723,78.7680142207179,18.4694071769721,34.0213853073053,55.5938876916942,240.116099984122,82.6299140232387,60.9589437734291,3245.28828539519
57.0774920662799,58.7594525067881,70.8925101408467,46.2756722498889,56.4410753410657,60.8401637855802,77.6817506008197,62.7164875623537,91.7658268139619,44.8073769708571,75.107897703344,30.1067594264431,134.70056693328,32.2343994878576,0,86.8645019455282,63.0961789133091,70.5094228071247,56.135302114508,81.6200843824678,50.9738694772701,79.9064680630949,57.1982391226055,66.169698876993,59.477174290141,74.1522572825403,54.5182422754234,45.8821067081108,45.1780027617905,57.6054934042938,78.4252978252768,76.9248277360348,62.9400536375156,47.5815340471708,37.3305446005453,71.7728917369351,48.0249122698602,77.2040600141442,82.9308212269592,55.312906670675,65.1784462997662,76.0882676724993,89.4367900642511,38.8682444723007,66.8743252134487,52.2847129373501,53.61448698312,49.31817765948,80.7293972864306,49.5187806389306,191.147956693781,56.9976174447884,96.0445283875063,34.7930424739545,31.5720669313401,62.6088336129108,34.2830697816431,75.5602462964216,75.992039709463,59.2734067651796,151.807657332619,30.4129405962595,119.101300169524,55.0932068776427,49.3459799773372,44.4565469386817,61.6779909744942,53.290632984276,61.7071158876527,52.8399538772043,97.296048507954,74.6033254194205,81.1403811671427,76.6794979636215,81.1869671149792,100.755717789027,85.2805729760052,88.9170894228081,71.3497846270236,72.9683704392127,84.5994677330311,49.8681449700497,55.5295081164699,82.5490519025361,58.2928117755244,76.3141862398748,40.5954748439022,68.211943319092,56.3308549362625,64.4362539122741,87.5346672387749,83.7524748110782,88.2792796718095,36.9438973113992,30.3697859175627,63.1201096431856,252.973804755825,85.8966420976616,67.9882942724307,3254.54375579854
120.524141272993,103.405550819747,115.753249551569,107.464471428966,109.923818535852,122.871452447005,117.487578105785,98.2688900919417,139.234775003736,64.2962064784413,103.795531171143,86.6020421682383,70.024942709861,78.5810380332224,86.8645019455282,0,36.5089556841021,38.594759011181,47.5249032419817,28.9995044457214,56.9904619987337,46.9963653301168,53.2342830256145,70.1341559753236,97.0074972760025,119.298266446606,106.77527783534,87.9251232053824,101.961010447785,111.577913495953,140.746214592927,121.274699509559,112.663317766212,108.457834712735,82.2958087697863,127.402415935092,105.463061769478,130.380984221758,135.759711532524,126.386172652672,128.722542191874,145.470181017447,137.404771136729,83.7479806962711,125.933528497187,79.0717229572905,81.4007412554934,84.7273640269885,143.648167879963,100.643910144199,131.179581022983,55.2997357528105,59.8669475983039,79.4953576213006,70.488584151237,64.8045143966363,83.3904881517745,144.994428003465,38.354709982484,89.0696789730177,118.303578474563,71.4485462277669,38.3701392245331,56.8565044758834,47.921167852133,67.8679631479735,43.1100535817669,80.6911659182812,109.068206357,58.394993340298,127.471429215427,145.292426015053,141.898543468949,138.995139894206,134.69005694324,132.211212065798,129.681546287816,138.318316987733,139.78378848097,143.180069780995,130.040553156269,106.842998992218,100.223164632906,131.211938472033,108.115462478217,126.881284659582,77.8437790883721,109.811996409534,128.619459329634,132.76948952224,131.669667999493,121.746566994395,137.910650217822,88.7637657379179,72.472390385173,62.5581124614274,227.772981799405,137.845420760316,28.7296489183104,3203.59202597446
97.6663196882319,81.026803805389,106.401696592244,83.5014353114814,94.4140839993648,105.427591754272,96.9143912294427,81.567693002044,120.022380246944,48.1748987006962,89.8335482788045,68.9699568926757,85.2956649503764,50.5699801378937,63.0961789133091,36.5089556841021,0,40.2568343809335,42.1311332536837,24.2946350437911,32.7750852846318,50.7949710554891,45.3907036137613,62.6817284485768,78.2961498635521,100.866380339668,86.5957239174344,68.8498605195005,78.1739815552087,94.0315478050061,121.19489000984,97.1463665560548,93.7031847956976,90.0578174999467,55.9686732146972,101.699453344317,89.8250393454128,114.751847200201,118.967862601864,106.701881806882,108.927464520511,126.965536919507,122.357830455877,58.1527118548773,110.374121011672,52.3601691652245,52.7771472419501,66.1999764759318,125.182587337827,78.7437546206008,147.544764409355,55.5458030956045,69.640629642077,62.0763678938653,49.0016776367686,54.383842216956,56.2821031429617,124.70891772552,33.099952348886,76.0678603762781,132.386562544565,53.9873921369661,73.1609664978777,37.9490937628197,35.0938210682401,51.2444151835892,33.7606298698834,67.9459825071105,89.2176097752551,34.0392161462278,117.750162379768,123.304126066406,123.586346572492,122.289017568278,111.762896895216,127.115672195246,115.778590225924,118.302615340615,116.187014098849,121.672050659291,116.511704805894,89.4408717309345,80.8471768916994,114.021757855552,87.2604735285536,108.109832932333,62.8850382639049,88.6544401860662,105.980971150682,110.335726077689,121.545527693433,106.061739552487,118.868022719097,63.0099922788205,57.8094204719153,47.3001985053064,239.246702271869,120.904593914171,27.2770629472562,3227.27773736688
99.3919628336926,76.2516646257965,89.0631493316593,87.0474293192083,80.4906544434796,92.5493287922077,92.6219881868336,65.8807554063022,107.797715443645,40.14193196353,83.573511092064,66.0950733006626,101.999572547337,62.6224055840976,70.5094228071247,38.594759011181,40.2568343809335,0,50.5262741513817,40.7542404153215,42.5339567611573,26.7166202763052,29.4454166451121,38.1256847360546,65.3475454468015,89.0306649121606,77.05385562925,59.7645611790193,81.494057119723,81.3302088984132,111.508598103284,95.8722918222955,81.0330360479556,82.3036932004259,62.3930797560402,102.003148679515,76.5342096586119,100.950276609338,102.065674491397,101.087817149266,106.39652231199,118.217516453995,105.022558823128,62.593661328799,95.8402909912389,52.7080660749668,63.5031813725892,53.7676552899708,112.651724124207,73.2211216542577,153.675458811598,33.6003949986968,56.7611784749905,55.0113170464741,55.3210814822938,31.4472531713754,70.0331022619114,117.971283626611,39.702805123871,56.7310677985721,116.323387942817,50.9705379881967,64.7291269287293,36.8970628305104,53.9357224001206,43.4409421215669,45.0436247013329,50.8868478170822,75.9079447139738,48.3125626204358,98.6461038707711,120.658587246831,110.498070352087,109.377650297683,110.207289288102,111.660090188037,99.7020075990877,107.190015287568,115.788555847689,117.560238063662,107.410547262596,85.093810979061,69.9070980087917,99.254861512329,83.3090619609272,102.004235224991,50.9297125921614,79.4932727453094,104.479434018317,109.179557990408,102.017279339135,89.0531841473751,107.099062043887,73.2270853119133,55.5157223173016,42.888946307092,226.531515146492,105.348103584998,25.9676094591278,3217.97227313246
105.774904415293,96.2688269245185,104.30012484464,92.8551459388688,95.511961198568,103.797248231751,116.19132267134,92.4449433665046,132.731732691636,58.8525723824806,105.830935965557,67.2735896451457,84.011565415329,63.578924651824,56.135302114508,47.5249032419817,42.1311332536837,50.5262741513817,0,46.244322457037,58.2562604598021,55.4134914430447,59.0141779888663,64.1256401650108,89.7376002944827,112.837492405161,93.658806783102,77.472298055086,88.0687995013016,96.8832699714001,125.110481451709,116.929841048062,100.801722237662,90.4674468598969,66.0765096163393,116.984395228394,83.0494938254007,118.794308035417,122.348096789558,104.342318227885,112.807671792602,124.400113393702,128.575049600165,68.6097943806211,108.449995574934,73.5107449972812,76.1641291131074,72.292992017075,125.916915012109,89.1058546962917,140.083036737486,53.1792138800127,88.0865414587469,62.9046737637654,48.3059950854044,64.3916232891899,65.0903675944391,124.831188980032,63.7502020003209,84.3823308235227,145.883740686077,53.4337478895969,75.0869007858911,60.789019133187,25.1240180731875,51.4171578319116,54.2468205686573,75.4235248525843,98.6730916384294,60.6973104184142,128.962670351335,126.298499856484,125.419979963691,121.328828023616,127.143527980067,130.374702014384,123.330578416061,131.032002129319,122.619225424473,123.585283661504,123.693945870265,92.6440182336911,90.3016301143951,122.657935374953,99.6584557717223,119.223376225335,63.6885363890038,103.600062012675,107.665872060862,114.43582826249,123.08451805569,118.146041009591,130.248968572404,75.8397691153464,50.4911624013609,52.4691739576604,255.908991709712,127.456893358977,34.7646351709536,3236.44865641945
118.996298981074,97.9199556250371,122.265014108409,104.834944282598,109.923292975022,121.113132665952,114.716369359473,94.8004932150598,135.643039227291,62.9275223490059,108.799838579385,87.3862494459645,68.7757496769601,71.4013296457226,81.6200843824678,28.9995044457214,24.2946350437911,40.7542404153215,46.244322457037,0,51.7623356536026,42.1866472077111,57.6539813381156,64.1581410489037,91.531348136612,116.963952772457,102.260089670046,84.2495847706606,98.4895897755491,109.463684765468,138.628421803452,115.113963560704,108.325787122392,107.404300301626,72.5465154275266,120.189459391238,102.784851605443,131.816024070634,132.445245431209,124.487100241062,129.281681741112,144.636592038826,137.215720946255,73.9913502510233,125.646168510969,66.8280604699752,69.6168492615917,77.3206153635185,141.230844209335,95.3260240605245,125.945130110551,63.9272940830201,77.2634148314385,77.4807263638733,64.0434092436113,59.6248294756886,75.8930408572397,142.967548908922,43.3554510117495,89.52480201451,139.2145904283,70.4729781920278,61.7733519614765,52.3206489586864,49.3530890728994,59.853294304085,50.7958191842262,81.4713042337265,104.103277440432,52.812776504137,131.878682272311,142.776022760876,139.117756232626,138.709888210703,131.345559183495,143.835820249462,131.868225812117,134.010086003198,136.284514434667,140.69303553751,135.798949908353,108.872688452247,95.4506095683045,129.218028530222,105.979907348275,127.487289197391,76.9317051392214,103.596975030203,126.221858593191,130.268232946099,136.547970797835,119.630923716899,135.142303528771,85.3241500960308,72.7418649740148,47.3016855227168,248.099904239849,136.349771241108,23.212158572535,3227.44053592288
69.2798107096345,50.2700431747497,81.4271388693785,55.4389191933112,67.1588518298263,79.1673512651173,66.2029287352846,53.4040790699616,89.6233291648093,23.2597554009573,60.8289284454294,45.6428980146117,114.572137020612,27.2013480030018,50.9738694772701,56.9904619987337,32.7750852846318,42.5339567611573,58.2562604598021,51.7623356536026,0,57.6702011859806,27.7991214963276,52.8074181263185,50.4180736640721,70.3722093080771,58.0567574007022,40.7070276297802,48.9643505700737,65.9915083191003,91.7251424385044,66.4452640023362,65.094492646627,62.6405620654048,33.2512857785395,71.7286068132891,67.5381847467843,85.9166547822829,91.247441380219,80.3678768124293,80.2130257537616,99.6940805953901,93.0769447010391,34.768957521887,83.4404277556777,31.2843998035615,28.1002633142355,43.7303686649845,97.0687267053801,49.90576094635,175.059131403309,46.4282700668841,61.8806971680288,38.2898015544008,34.5413241509168,39.5130388456485,35.4109069913728,96.5327374901004,31.9625690267323,49.9532254145922,125.272634452896,33.5660232496057,92.1882712331293,12.9675242552952,45.1600574070431,39.0079443390056,27.0047266892638,41.3983367962229,63.8261871984814,11.8654367022168,89.9144903897232,94.7562851174125,95.1452948945867,94.4319858137692,80.9396298499396,102.172869501202,86.2727061112494,88.1438642574292,87.11288447938,93.1589277049021,87.9011686121752,61.4930048249601,52.2470488677592,84.264816855708,56.0743481681241,77.1185571481314,39.3830018413854,58.7648038038292,79.807172313814,81.7044450906538,94.0394684535674,76.8771827619659,88.2019084236091,37.5389491180111,41.7675070928759,46.5758829745505,227.424371445033,92.1141186529075,43.2875277633434,3228.98702832872
114.097661203802,87.0764317401209,104.158635513599,101.838949459025,91.1461678832814,102.90416378662,104.552072720874,75.9531949742866,118.719584946916,53.1908656055622,102.362450818267,80.1866357127061,97.2815725561516,75.1492280539715,79.9064680630949,46.9963653301168,50.7949710554891,26.7166202763052,55.4134914430447,42.1866472077111,57.6702011859806,0,47.2049877349019,33.7813991753477,73.9757638233896,101.294064235096,87.0072180280517,70.518471437875,95.3326141681426,92.3119046912773,123.158172496067,107.927970005208,90.5740816266867,94.5141436711869,70.1282704804123,112.616063773464,83.0350838636682,115.134770566802,109.929060580409,110.705901845473,121.190020880773,128.946520047051,116.366372597166,68.6934178172258,105.588187801038,61.1639677034368,72.093237144985,59.1103859654293,122.831342623695,82.2410958197662,139.065230445591,44.5295812241931,74.4448236430152,65.9645862967346,62.1689045162519,36.2788248652046,80.7164952077803,129.422486707477,54.2066331539873,70.5942454745992,136.036712184373,63.5208333365567,70.1949929356463,49.6441634171209,65.2322283985173,44.5687456154279,62.206747395107,64.0382403097122,86.4312384965764,59.7335873176251,110.694144342776,131.601281055169,119.874273864394,120.249581771838,123.020250266812,129.126509393354,113.620216681457,116.810238632893,127.968873868067,129.05986045606,125.102964642357,99.4555993830956,78.6772434356849,109.839881856287,96.2807726988142,117.650924668778,63.0228702144912,89.5027124796017,118.364297888009,122.155925554113,115.066499258132,98.9945304284601,118.815997845395,88.061810029729,64.4641759690912,36.9336209666651,246.053420477797,116.2763899649,29.5425569988609,3232.99569005745
